0.169472, 0.170997
0.179472, 0.191887
0.189472, 0.218907
0.199472, 0.251532
0.209472, 0.288734
0.219472, 0.329091
0.229472, 0.370934
0.239472, 0.41253
0.249472, 0.452258
0.259472, 0.488771
0.269472, 0.521124
0.279472, 0.548849
0.289472, 0.571972
0.299472, 0.590972
0.309472, 0.606696
0.319472, 0.62023
0.329472, 0.632751
0.339472, 0.645383
0.349472, 0.65906
0.359472, 0.674434
0.369472, 0.691813
0.379472, 0.711155
0.389472, 0.732101
0.399472, 0.754052
0.409472, 0.776265
0.419472, 0.797963
0.429472, 0.818439
0.439472, 0.837147
0.449472, 0.853752
0.459472, 0.868159
0.469472, 0.880495
0.479472, 0.891068
0.489472, 0.900295
0.499472, 0.90863
0.509472, 0.916484
0.519472, 0.924161
0.529472, 0.931821
0.539472, 0.939469
0.549472, 0.946967
0.559472, 0.954082
0.569472, 0.960546
0.579472, 0.966122
0.589472, 0.970671
0.599472, 0.974196
0.609472, 0.976871
0.619472, 0.979032
0.629472, 0.981145
0.639472, 0.98374
0.649472, 0.987338
0.659472, 0.992361
0.669472, 0.999052
0.679472, 1.00742
0.689472, 1.01719
0.699472, 1.02783
0.709472, 1.03857
0.719472, 1.0485
0.729472, 1.05664
0.739472, 1.06207
0.749472, 1.06405
0.759472, 1.06214
0.769472, 1.05621
0.779472, 1.04655
0.789472, 1.03379
0.799472, 1.01892
0.809472, 1.00313
0.819472, 0.987706
0.829472, 0.973927
0.839472, 0.962882
0.849472, 0.955375
0.859472, 0.951831
0.869472, 0.952252
0.879472, 0.956218
0.889472, 0.962936
0.899472, 0.971328
0.909472, 0.980158
0.919472, 0.988159
0.929472, 0.994182
0.939472, 0.997307
0.949472, 0.996942
0.959472, 0.992872
0.969472, 0.98527
0.979472, 0.97466
0.989472, 0.961842
0.999472, 0.947793
1.00947, 0.933545
1.01947, 0.92007
1.02947, 0.908174
1.03947, 0.898414
1.04947, 0.891057
1.05947, 0.886065
1.06947, 0.883125
1.07947, 0.881705
1.08947, 0.881138
1.09947, 0.880711
1.10947, 0.879754
1.11947, 0.877724
1.12947, 0.874259
1.13947, 0.869211
1.14947, 0.862645
1.15947, 0.854817
1.16947, 0.846123
1.17947, 0.837038
1.18947, 0.828052
1.19947, 0.8196
1.20947, 0.812015
1.21947, 0.805495
1.22947, 0.800087
1.23947, 0.795701
1.24947, 0.792135
1.25947, 0.789116
1.26947, 0.786347
1.27947, 0.783554
1.28947, 0.780525
1.29947, 0.777135
1.30947, 0.773358
1.31947, 0.769257
1.32947, 0.764968
1.33947, 0.760668
1.34947, 0.756534
1.35947, 0.752715
1.36947, 0.749299
1.37947, 0.746297
1.38947, 0.743637
1.39947, 0.741175
1.40947, 0.738721
1.41947, 0.736062
1.42947, 0.733007
1.43947, 0.729412
1.44947, 0.725212
1.45947, 0.720436
1.46947, 0.715205
1.47947, 0.709727
1.48947, 0.704266
1.49947, 0.69911
1.50947, 0.694531
1.51947, 0.690748
1.52947, 0.687896
1.53947, 0.686004
1.54947, 0.684986
1.55947, 0.684655
1.56947, 0.684739
1.57947, 0.684921
1.58947, 0.684876
1.59947, 0.684318
1.60947, 0.683033
1.61947, 0.680916
1.62947, 0.677983
1.63947, 0.67437
1.64947, 0.670325
1.65947, 0.666172
1.66947, 0.662277
1.67947, 0.659
1.68947, 0.656654
1.69947, 0.65546
1.70947, 0.655525
1.71947, 0.65682
1.72947, 0.659186
1.73947, 0.662345
1.74947, 0.665932
1.75947, 0.669533
1.76947, 0.672727
1.77947, 0.675132
1.78947, 0.676442
1.79947, 0.676459
1.80947, 0.675108
1.81947, 0.672444
1.82947, 0.668641
1.83947, 0.663971
1.84947, 0.658779
1.85947, 0.65344
1.86947, 0.648332
1.87947, 0.643795
1.88947, 0.640111
1.89947, 0.637478
1.90947, 0.636005
1.91947, 0.63571
1.92947, 0.636528
1.93947, 0.638328
1.94947, 0.640927
1.95947, 0.64412
1.96947, 0.647692
1.97947, 0.651442
1.98947, 0.655199
1.99947, 0.658828
2.00947, 0.662238
2.01947, 0.665386
2.02947, 0.668269
2.03947, 0.670925
2.04947, 0.673417
2.05947, 0.675832
2.06947, 0.678268
2.07947, 0.680822
2.08947, 0.683584
2.09947, 0.68663
2.10947, 0.690008
2.11947, 0.693741
2.12947, 0.697814
2.13947, 0.702183
2.14947, 0.706767
2.15947, 0.711459
2.16947, 0.716131
2.17947, 0.720646
2.18947, 0.724874
2.19947, 0.728698
2.20947, 0.732038
2.21947, 0.734855
2.22947, 0.737163
2.23947, 0.739033
2.24947, 0.740588
2.25947, 0.741995
2.26947, 0.743452
2.27947, 0.745168
2.28947, 0.747337
2.29947, 0.750126
2.30947, 0.753642
2.31947, 0.757929
2.32947, 0.762953
2.33947, 0.768605
2.34947, 0.77471
2.35947, 0.781046
2.36947, 0.787368
2.37947, 0.793434
2.38947, 0.799034
2.39947, 0.804018
2.40947, 0.808312
2.41947, 0.811928
2.42947, 0.814966
2.43947, 0.817602
2.44947, 0.82007
2.45947, 0.822629
2.46947, 0.82554
2.47947, 0.829027
2.48947, 0.833256
2.49947, 0.838315
2.50947, 0.844201
2.51947, 0.850827
2.52947, 0.858034
2.53947, 0.865612
2.54947, 0.873334
2.55947, 0.880981
2.56947, 0.88838
2.57947, 0.895419
2.58947, 0.902067
2.59947, 0.908373
2.60947, 0.914456
2.61947, 0.920484
2.62947, 0.926645
2.63947, 0.933109
2.64947, 0.939999
2.65947, 0.947358
2.66947, 0.955135
2.67947, 0.963176
2.68947, 0.971236
2.69947, 0.979001
2.70947, 0.986127
2.71947, 0.992282
2.72947, 0.997193
2.73947, 1.00069
2.74947, 1.00275
2.75947, 1.00349
2.76947, 1.0032
2.77947, 1.00233
2.78947, 1.00141
2.79947, 1.00105
2.80947, 1.00185
2.81947, 1.00437
2.82947, 1.00902
2.83947, 1.01606
2.84947, 1.02553
2.85947, 1.03728
2.86947, 1.05093
2.87947, 1.06593
2.88947, 1.08164
2.89947, 1.09733
2.90947, 1.1123
2.91947, 1.12593
2.92947, 1.13774
2.93947, 1.14744
2.94947, 1.15496
2.95947, 1.16041
2.96947, 1.16412
2.97947, 1.16657
2.98947, 1.16831
2.99947, 1.16994
3.00947, 1.17202
3.01947, 1.17499
3.02947, 1.17917
3.03947, 1.1847
3.04947, 1.19154
3.05947, 1.19947
3.06947, 1.20816
3.07947, 1.21715
3.08947, 1.22597
3.09947, 1.23415
3.10947, 1.2413
3.11947, 1.24714
3.12947, 1.25154
3.13947, 1.25452
3.14947, 1.25622
3.15947, 1.25693
3.16947, 1.25702
3.17947, 1.2569
3.18947, 1.25695
3.19947, 1.25753
3.20947, 1.25888
3.21947, 1.26114
3.22947, 1.26432
3.23947, 1.2683
3.24947, 1.27286
3.25947, 1.27771
3.26947, 1.28249
3.27947, 1.28687
3.28947, 1.29055
3.29947, 1.29329
3.30947, 1.29495
3.31947, 1.2955
3.32947, 1.295
3.33947, 1.29364
3.34947, 1.29163
3.35947, 1.28927
3.36947, 1.28686
3.37947, 1.28465
3.38947, 1.28288
3.39947, 1.2817
3.40947, 1.28117
3.41947, 1.28125
3.42947, 1.28184
3.43947, 1.28275
3.44947, 1.28372
3.45947, 1.28449
3.46947, 1.28479
3.47947, 1.28436
3.48947, 1.28301
3.49947, 1.28059
3.50947, 1.27706
3.51947, 1.27243
3.52947, 1.2668
3.53947, 1.26036
3.54947, 1.25332
3.55947, 1.24595
3.56947, 1.23853
3.57947, 1.23132
3.58947, 1.22456
3.59947, 1.21845
3.60947, 1.21312
3.61947, 1.20863
3.62947, 1.20497
3.63947, 1.20206
3.64947, 1.19974
3.65947, 1.19781
3.66947, 1.19604
3.67947, 1.19418
3.68947, 1.19197
3.69947, 1.18919
3.70947, 1.18566
3.71947, 1.18125
3.72947, 1.17589
3.73947, 1.1696
3.74947, 1.16246
3.75947, 1.15462
3.76947, 1.14628
3.77947, 1.13768
3.78947, 1.12907
3.79947, 1.12071
3.80947, 1.11284
3.81947, 1.10564
3.82947, 1.09924
3.83947, 1.09372
3.84947, 1.08906
3.85947, 1.0852
3.86947, 1.08198
3.87947, 1.07922
3.88947, 1.0767
3.89947, 1.07418
3.90947, 1.07142
3.91947, 1.06823
3.92947, 1.06444
3.93947, 1.05994
3.94947, 1.05469
3.95947, 1.04871
3.96947, 1.04208
3.97947, 1.03494
3.98947, 1.02746
3.99947, 1.01984
4.00947, 1.01229
4.01947, 1.005
4.02947, 0.998141
4.03947, 0.991846
4.04947, 0.986198
4.05947, 0.981231
4.06947, 0.976925
4.07947, 0.973217
4.08947, 0.970003
4.09947, 0.967152
4.10947, 0.964522
4.11947, 0.961967
4.12947, 0.959354
4.13947, 0.956573
4.14947, 0.953545
4.15947, 0.950224
4.16947, 0.946601
4.17947, 0.942702
4.18947, 0.93858
4.19947, 0.934307
4.20947, 0.929967
4.21947, 0.925644
4.22947, 0.921411
4.23947, 0.917328
4.24947, 0.91343
4.25947, 0.909727
4.26947, 0.906208
4.27947, 0.902837
4.28947, 0.899568
4.29947, 0.896347
4.30947, 0.893121
4.31947, 0.889851
4.32947, 0.886515
4.33947, 0.883113
4.34947, 0.879673
4.35947, 0.876243
4.36947, 0.872894
4.37947, 0.869706
4.38947, 0.866759
4.39947, 0.864126
4.40947, 0.861858
4.41947, 0.859981
4.42947, 0.858483
4.43947, 0.857319
4.44947, 0.856407
4.45947, 0.85564
4.46947, 0.854894
4.47947, 0.854038
4.48947, 0.852954
4.49947, 0.851548
4.50947, 0.849758
4.51947, 0.847571
4.52947, 0.845018
4.53947, 0.842178
4.54947, 0.839168
4.55947, 0.836131
4.56947, 0.833225
4.57947, 0.8306
4.58947, 0.828383
4.59947, 0.826668
4.60947, 0.825497
4.61947, 0.824861
4.62947, 0.824698
4.63947, 0.824902
4.64947, 0.825333
4.65947, 0.825833
4.66947, 0.826252
4.67947, 0.826455
4.68947, 0.826351
4.69947, 0.825895
4.70947, 0.8251
4.71947, 0.824036
4.72947, 0.822821
4.73947, 0.821607
4.74947, 0.820566
4.75947, 0.819866
4.76947, 0.819652
4.77947, 0.820029
4.78947, 0.821046
4.79947, 0.822692
4.80947, 0.824895
4.81947, 0.827525
4.82947, 0.830415
4.83947, 0.833373
4.84947, 0.836203
4.85947, 0.83873
4.86947, 0.840814
4.87947, 0.842368
4.88947, 0.843362
4.89947, 0.84383
4.90947, 0.843862
4.91947, 0.843591
4.92947, 0.84318
4.93947, 0.842802
4.94947, 0.842623
4.95947, 0.842783
4.96947, 0.843382
4.97947, 0.844475
4.98947, 0.846067
4.99947, 0.848118
5.00947, 0.850548
5.01947, 0.853252
5.02947, 0.856113
5.03947, 0.859018
5.04947, 0.861866
5.05947, 0.864583
5.06947, 0.867123
5.07947, 0.869473
5.08947, 0.87165
5.09947, 0.873695
5.10947, 0.875662
5.11947, 0.877614
5.12947, 0.879612
5.13947, 0.881705
5.14947, 0.883932
5.15947, 0.886312
5.16947, 0.88885
5.17947, 0.891537
5.18947, 0.894354
5.19947, 0.897277
5.20947, 0.900282
5.21947, 0.903348
5.22947, 0.906458
5.23947, 0.9096
5.24947, 0.912767
5.25947, 0.915952
5.26947, 0.919152
5.27947, 0.922358
5.28947, 0.925562
5.29947, 0.928753
5.30947, 0.931924
5.31947, 0.93507
5.32947, 0.938193
5.33947, 0.941309
5.34947, 0.944447
5.35947, 0.947653
5.36947, 0.950982
5.37947, 0.954499
5.38947, 0.958268
5.39947, 0.962348
5.40947, 0.966776
5.41947, 0.971563
5.42947, 0.976687
5.43947, 0.982089
5.44947, 0.987672
5.45947, 0.993308
5.46947, 0.99885
5.47947, 1.00414
5.48947, 1.00905
5.49947, 1.01344
5.50947, 1.01724
5.51947, 1.02043
5.52947, 1.02304
5.53947, 1.02517
5.54947, 1.02696
5.55947, 1.02858
5.56947, 1.03025
5.57947, 1.03214
5.58947, 1.03445
5.59947, 1.03728
5.60947, 1.04072
5.61947, 1.04475
5.62947, 1.04932
5.63947, 1.05429
5.64947, 1.05949
5.65947, 1.06473
5.66947, 1.06978
5.67947, 1.07448
5.68947, 1.07868
5.69947, 1.0823
5.70947, 1.0853
5.71947, 1.08773
5.72947, 1.08969
5.73947, 1.09132
5.74947, 1.09279
5.75947, 1.09425
5.76947, 1.09585
5.77947, 1.0977
5.78947, 1.09985
5.79947, 1.1023
5.80947, 1.10501
5.81947, 1.1079
5.82947, 1.11086
5.83947, 1.11378
5.84947, 1.11656
5.85947, 1.11914
5.86947, 1.12151
5.87947, 1.12369
5.88947, 1.12576
5.89947, 1.12783
5.90947, 1.13003
5.91947, 1.13246
5.92947, 1.13523
5.93947, 1.13837
5.94947, 1.14188
5.95947, 1.14566
5.96947, 1.14957
5.97947, 1.15342
5.98947, 1.15699
5.99947, 1.16003
6.00947, 1.16235
6.01947, 1.16381
6.02947, 1.16431
6.03947, 1.1639
6.04947, 1.16266
6.05947, 1.1608
6.06947, 1.15858
6.07947, 1.1563
6.08947, 1.15426
6.09947, 1.15273
6.10947, 1.15193
6.11947, 1.15197
6.12947, 1.15287
6.13947, 1.15452
6.14947, 1.15674
6.15947, 1.15924
6.16947, 1.1617
6.17947, 1.16379
6.18947, 1.1652
6.19947, 1.16568
6.20947, 1.1651
6.21947, 1.16342
6.22947, 1.16073
6.23947, 1.15721
6.24947, 1.15315
6.25947, 1.14887
6.26947, 1.14471
6.27947, 1.141
