0.164472, 1.64329, 0.855892, 2.45949, 1.61964, 0.865383, 2.4938
0.174472, 1.62131, 0.879488, 2.46579, 1.60602, 0.896352, 2.50781
0.184472, 1.60906, 0.907235, 2.48178, 1.60132, 0.929858, 2.53141
0.194472, 1.60243, 0.934897, 2.50432, 1.60046, 0.960349, 2.56003
0.204472, 1.5971, 0.957683, 2.52902, 1.59901, 0.982617, 2.58813
0.214472, 1.58997, 0.971668, 2.55129, 1.59443, 0.993264, 2.61011
0.224472, 1.57998, 0.974868, 2.56683, 1.58653, 0.991513, 2.62074
0.234472, 1.56808, 0.967682, 2.57185, 1.57686, 0.979185, 2.61537
0.244472, 1.55644, 0.952627, 2.56301, 1.56767, 0.959955, 2.59007
0.254472, 1.54731, 0.933515, 2.53739, 1.5606, 0.938187, 2.54194
0.264472, 1.54192, 0.914377, 2.49269, 1.55581, 0.917776, 2.46966
0.274472, 1.53979, 0.898468, 2.42763, 1.55182, 0.90135, 2.37414
0.284472, 1.53881, 0.887646, 2.34261, 1.54601, 0.890006, 2.25924
0.294472, 1.53582, 0.882241, 2.24033, 1.53567, 0.88357, 2.13187
0.304472, 1.52777, 0.88138, 2.12608, 1.51918, 0.881145, 2.00156
0.314472, 1.51279, 0.883574, 2.00748, 1.49682, 0.881704, 1.87924
0.324472, 1.491, 0.887322, 1.89359, 1.47091, 0.884459, 1.77542
0.334472, 1.46462, 0.891531, 1.79348, 1.44517, 0.888913, 1.69813
0.344472, 1.43745, 0.895631, 1.71451, 1.42361, 0.894651, 1.65124
0.354472, 1.41368, 0.899429, 1.66083, 1.40907, 0.90104, 1.63348
0.364472, 1.39667, 0.902808, 1.63248, 1.40216, 0.907053, 1.63866
0.374472, 1.38774, 0.905471, 1.62526, 1.40084, 0.911347, 1.65701
0.384472, 1.3857, 0.90686, 1.6317, 1.40089, 0.912622, 1.67733
0.394472, 1.38706, 0.906294, 1.64268, 1.39711, 0.910118, 1.68954
0.404472, 1.38697, 0.90329, 1.64948, 1.38498, 0.904049, 1.68682
0.414472, 1.38065, 0.897907, 1.6457, 1.36227, 0.895755, 1.66694
0.424472, 1.36493, 0.890952, 1.62853, 1.33005, 0.887456, 1.63238
0.434472, 1.33937, 0.883939, 1.59912, 1.29283, 0.881652, 1.58925
0.444472, 1.30674, 0.878752, 1.56195, 1.25769, 0.880339, 1.5454
0.454472, 1.27256, 0.87712, 1.52346, 1.23267, 0.884322, 1.50817
0.464472, 1.24396, 0.880058, 1.49021, 1.22467, 0.892857, 1.48254
0.474472, 1.22801, 0.88747, 1.46716, 1.23762, 0.903782, 1.46996
0.484472, 1.2299, 0.898062, 1.45648, 1.27117, 0.914096, 1.46817
0.494472, 1.25155, 0.90961, 1.45711, 1.3204, 0.920819, 1.47209
0.504472, 1.29087, 0.919507, 1.46518, 1.37659, 0.921848, 1.47523
0.514472, 1.34187, 0.925432, 1.47503, 1.42885, 0.916526, 1.47136
0.524472, 1.3957, 0.925932, 1.48059, 1.46626, 0.905761, 1.45595
0.534472, 1.4422, 0.920739, 1.47672, 1.4801, 0.891677, 1.42701
0.544472, 1.47187, 0.910754, 1.46018, 1.46559, 0.876923, 1.38531
0.554472, 1.47764, 0.897711, 1.43008, 1.42292, 0.863905, 1.33395
0.564472, 1.4563, 0.883652, 1.38783, 1.35724, 0.854186, 1.27757
0.574472, 1.40907, 0.870406, 1.33658, 1.27777, 0.848234, 1.2214
0.584472, 1.3415, 0.859218, 1.28061, 1.19618, 0.845571, 1.1705
0.594472, 1.26256, 0.85063, 1.22454, 1.12447, 0.8452, 1.12913
0.604472, 1.18306, 0.844622, 1.17283, 1.07299, 0.846143, 1.10039
0.614472, 1.11396, 0.840917, 1.12937, 1.04868, 0.847843, 1.08607
0.624472, 1.0645, 0.839295, 1.09721, 1.054, 0.85031, 1.08655
0.634472, 1.04082, 0.839796, 1.07846, 1.08666, 0.853953, 1.10075
0.644472, 1.045, 0.842717, 1.07409, 1.14011, 0.859194, 1.12618
0.654472, 1.07484, 0.848409, 1.08375, 1.20477, 0.866034, 1.15901
0.664472, 1.12435, 0.856947, 1.1057, 1.26967, 0.873755, 1.1944
0.674472, 1.18481, 0.867828, 1.13671, 1.32427, 0.880894, 1.22705
0.684472, 1.24621, 0.879813, 1.17232, 1.36016, 0.885513, 1.25189
0.694472, 1.29887, 0.890997, 1.20724, 1.37229, 0.885696, 1.26491
0.704472, 1.33496, 0.899133, 1.23612, 1.35963, 0.880104, 1.26388
0.714472, 1.34959, 0.902111, 1.25434, 1.32512, 0.868431, 1.2488
0.724472, 1.34143, 0.898472, 1.25886, 1.27496, 0.851598, 1.2219
0.734472, 1.31269, 0.887818, 1.24875, 1.21739, 0.831652, 1.18721
0.744472, 1.26855, 0.87098, 1.22539, 1.16123, 0.811392, 1.14977
0.754472, 1.21613, 0.849932, 1.19223, 1.11433, 0.79384, 1.11465
0.764472, 1.16324, 0.827444, 1.15404, 1.08238, 0.78168, 1.08601
0.774472, 1.11709, 0.806592, 1.11606, 1.06808, 0.776813, 1.06641
0.784472, 1.08319, 0.790229, 1.08298, 1.07101, 0.780091, 1.05652
0.794472, 1.06465, 0.780546, 1.05816, 1.08794, 0.791256, 1.05526
0.804472, 1.06191, 0.778789, 1.04315, 1.11373, 0.809057, 1.06026
0.814472, 1.07298, 0.785163, 1.0377, 1.14239, 0.831492, 1.06854
0.824472, 1.09399, 0.798917, 1.04001, 1.16832, 0.85612, 1.07714
0.834472, 1.12006, 0.818532, 1.0474, 1.18718, 0.880385, 1.08368
0.844472, 1.1462, 0.84199, 1.05692, 1.19652, 0.901946, 1.08665
0.854472, 1.16812, 0.867037, 1.06595, 1.19591, 0.918958, 1.08547
0.864472, 1.18281, 0.891445, 1.07262, 1.18661, 0.930297, 1.08041
0.874472, 1.1888, 0.913233, 1.07595, 1.17095, 0.935696, 1.0723
0.884472, 1.1861, 0.930861, 1.07577, 1.15163, 0.935749, 1.0623
0.894472, 1.1759, 0.943375, 1.0725, 1.13098, 0.931778, 1.05164
0.904472, 1.16004, 0.950491, 1.06689, 1.1106, 0.925561, 1.04143
0.914472, 1.14056, 0.952606, 1.05976, 1.09116, 0.918983, 1.03245
0.924472, 1.1192, 0.950702, 1.05179, 1.07264, 0.913667, 1.0251
0.934472, 1.09723, 0.946163, 1.04347, 1.05471, 0.910687, 1.01933
0.944472, 1.07537, 0.940516, 1.03504, 1.03716, 0.910421, 1.01465
0.954472, 1.05396, 0.935155, 1.02654, 1.02026, 0.912587, 1.01025
0.964472, 1.0332, 0.9311, 1.01787, 1.00483, 0.916422, 1.00525
0.974472, 1.01343, 0.928857, 1.00883, 0.992125, 0.920953, 0.9989
0.984472, 0.995295, 0.928399, 0.999214, 0.983436, 0.925264, 0.990887
0.994472, 0.979777, 0.929278, 0.988905, 0.979659, 0.928688, 0.981527
1.00447, 0.968017, 0.930818, 0.977972, 0.980901, 0.930874, 0.971785
1.01447, 0.961042, 0.93234, 0.966749, 0.986316, 0.931745, 0.963124
1.02447, 0.959434, 0.933345, 0.955883, 0.994208, 0.9314, 0.957161
1.03447, 0.963062, 0.93361, 0.946293, 1.00241, 0.930023, 0.955229
1.04447, 0.970962, 0.933183, 0.939036, 1.00882, 0.927854, 0.95796
1.05447, 0.981444, 0.932303, 0.935092, 1.01198, 0.925245, 0.965011
1.06447, 0.992385, 0.931274, 0.935104, 1.01144, 0.922753, 0.97504
1.07447, 1.00168, 0.930374, 0.939147, 1.00792, 0.92121, 0.985961
1.08447, 1.0077, 0.929808, 0.946601, 1.0031, 0.921701, 0.995409
1.09447, 1.00968, 0.929742, 0.956188, 0.999109, 0.925397, 1.00132
1.10447, 1.00791, 0.930371, 0.966177, 0.997948, 0.933267, 1.00241
1.11447, 1.00363, 0.932006, 0.974736, 1.00085, 0.945726, 0.998537
1.12447, 0.998703, 0.935093, 0.980346, 1.00788, 0.962353, 0.99065
1.13447, 0.995164, 0.940167, 0.982153, 1.01781, 0.981775, 0.98056
1.14447, 0.994634, 0.947713, 0.980179, 1.02835, 1.0018, 0.970449
1.15447, 0.997879, 0.957976, 0.975309, 1.03667, 1.01979, 0.962336
1.16447, 1.00456, 0.970787, 0.96906, 1.04012, 1.03324, 0.957634
1.17447, 1.01323, 0.985458, 0.963189, 1.03685, 1.04028, 0.956906
1.18447, 1.02167, 1.0008, 0.959239, 1.02638, 1.0402, 0.95988
1.19447, 1.02736, 1.01529, 0.958166, 1.00977, 1.03356, 0.965671
1.20447, 1.02811, 1.02733, 0.960133, 0.989504, 1.02209, 0.973113
1.21447, 1.02259, 1.03554, 0.964534, 0.969028, 1.00825, 0.981091
1.22447, 1.01073, 1.03907, 0.970228, 0.952014, 0.99466, 0.988747
1.23447, 0.993858, 1.03773, 0.975909, 0.941604, 0.983533, 0.995529
1.24447, 0.974475, 1.03202, 0.980494, 0.939718, 0.976238, 1.00109
1.25447, 0.955827, 1.02299, 0.983407, 0.946621, 0.973124, 1.0051
1.26447, 0.941256, 1.01198, 0.984684, 0.960829, 0.973617, 1.00709
1.27447, 0.933516, 1.00039, 0.984865, 0.979398, 0.976521, 1.00645
1.28447, 0.934185, 0.989388, 0.98472, 0.998523, 0.980428, 1.00244
1.29447, 0.943289, 0.979801, 0.984904, 1.01432, 0.984092, 0.994529
1.30447, 0.959249, 0.972063, 0.985644, 1.02361, 0.986691, 0.982599
1.31447, 0.97913, 0.966299, 0.98658, 1.02456, 0.98791, 0.967219
1.32447, 0.999191, 0.962452, 0.986797, 1.01703, 0.98788, 0.949717
1.33447, 1.01558, 0.960422, 0.985064, 1.00247, 0.987009, 0.932066
1.34447, 1.02509, 0.960143, 0.980194, 0.983571, 0.985803, 0.916576
1.35447, 1.02574, 0.961604, 0.971449, 0.96359, 0.984718, 0.905452
1.36447, 1.01715, 0.964794, 0.958847, 0.945644, 0.984089, 0.900332
1.37447, 1.00056, 0.969613, 0.943306, 0.932059, 0.984128, 0.901925
1.38447, 0.978556, 0.975792, 0.926566, 0.923984, 0.984944, 0.909826
1.39447, 0.954513, 0.982866, 0.910894, 0.921303, 0.986571, 0.922561
1.40447, 0.931926, 0.990208, 0.898653, 0.922864, 0.988958, 0.937848
1.41447, 0.913755, 0.99713, 0.891826, 0.926916, 0.991939, 0.953011
1.42447, 0.901932, 1.00302, 0.891587, 0.93163, 0.995196, 0.965458
1.43447, 0.897116, 1.00745, 0.898038, 0.93555, 0.998258, 0.973118
1.44447, 0.898737, 1.01028, 0.910143, 0.937869, 1.00056, 0.974782
1.45447, 0.905288, 1.01162, 0.925885, 0.938486, 1.00157, 0.970267
1.46447, 0.91476, 1.01179, 0.942609, 0.937861, 1.00096, 0.960422
1.47447, 0.925123, 1.01117, 0.957484, 0.936756, 0.998759, 0.946966
1.48447, 0.934721, 1.0101, 0.968005, 0.935952, 0.995442, 0.932199
1.49447, 0.942503, 1.00879, 0.972438, 0.936042, 0.991897, 0.918634
1.50447, 0.948079, 1.00729, 0.970128, 0.937334, 0.989265, 0.908597
1.51447, 0.951603, 1.00559, 0.961626, 0.939863, 0.988686, 0.903847
1.52447, 0.953569, 1.00366, 0.948601, 0.943483, 0.990992, 0.905279
1.53447, 0.95458, 1.00161, 0.933545, 0.947953, 0.996455, 0.912753
1.54447, 0.955174, 0.999767, 0.91933, 0.953001, 1.00465, 0.925085
1.55447, 0.955728, 0.99863, 0.908684, 0.958312, 1.01448, 0.940227
1.56447, 0.956459, 0.998807, 0.903684, 0.963497, 1.02438, 0.955615
1.57447, 0.957466, 1.00084, 0.905358, 0.96806, 1.03264, 0.968629
1.58447, 0.9588, 1.00504, 0.913491, 0.971417, 1.0378, 0.977097
1.59447, 0.960493, 1.01131, 0.92666, 0.972997, 1.03894, 0.979716
1.60447, 0.962545, 1.01909, 0.942511, 0.972403, 1.03593, 0.976326
1.61447, 0.964883, 1.02744, 0.958235, 0.969582, 1.02945, 0.967938
1.62447, 0.9673, 1.03521, 0.971122, 0.964944, 1.02085, 0.956519
1.63447, 0.969441, 1.04123, 0.979109, 0.959355, 1.01187, 0.944565
1.64447, 0.970836, 1.04466, 0.981174, 0.953992, 1.00428, 0.934559
1.65447, 0.971013, 1.04513, 0.977518, 0.950068, 0.999554, 0.928441
1.66447, 0.969638, 1.04285, 0.969472, 0.948511, 0.99857, 0.927201
1.67447, 0.96666, 1.03853, 0.959174, 0.949691, 1.00152, 0.930716
1.68447, 0.962395, 1.03327, 0.949074, 0.953277, 1.00791, 0.93784
1.69447, 0.957516, 1.02824, 0.941398, 0.958297, 1.01673, 0.946747
1.70447, 0.952929, 1.02446, 0.937683, 0.963382, 1.02667, 0.955407
1.71447, 0.949568, 1.02257, 0.938484, 0.967135, 1.03639, 0.962106
1.72447, 0.94816, 1.02275, 0.94333, 0.968518, 1.04476, 0.965846
1.73447, 0.949014, 1.02476, 0.950899, 0.967149, 1.05099, 0.966548
1.74447, 0.951922, 1.02806, 0.95939, 0.963415, 1.05473, 0.965003
1.75447, 0.95619, 1.032, 0.966974, 0.958358, 1.05603, 0.962593
1.76447, 0.960797, 1.03602, 0.97223, 0.953396, 1.05524, 0.960861
1.77447, 0.964655, 1.03973, 0.974447, 0.949923, 1.05288, 0.961057
1.78447, 0.966893, 1.043, 0.973751, 0.948929, 1.04953, 0.96377
1.79447, 0.967088, 1.04583, 0.971015, 0.950732, 1.04577, 0.968753
1.80447, 0.965374, 1.04829, 0.967593, 0.954896, 1.04203, 0.974989
1.81447, 0.962406, 1.05039, 0.964947, 0.960342, 1.03865, 0.980969
1.82447, 0.959184, 1.05199, 0.964252, 0.965631, 1.03589, 0.985112
1.83447, 0.95677, 1.05282, 0.966087, 0.969326, 1.0339, 0.98621
1.84447, 0.955995, 1.05254, 0.970267, 0.970345, 1.03282, 0.983778
1.85447, 0.957207, 1.05088, 0.975873, 0.968218, 1.03277, 0.978202
1.86447, 0.960151, 1.04778, 0.98146, 0.963203, 1.03386, 0.97066
1.87447, 0.964003, 1.04347, 0.985404, 0.956223, 1.03618, 0.962819
1.88447, 0.967548, 1.03851, 0.986309, 0.948667, 1.03981, 0.956401
1.89447, 0.969481, 1.03371, 0.983378, 0.94209, 1.04474, 0.952734
1.90447, 0.96874, 1.02997, 0.97665, 0.937885, 1.05082, 0.952406
1.91447, 0.964804, 1.02814, 0.967056, 0.936989, 1.05777, 0.955135
1.92447, 0.957871, 1.02876, 0.956262, 0.939694, 1.06511, 0.959876
1.93447, 0.948887, 1.03203, 0.946326, 0.945578, 1.07218, 0.965133
1.94447, 0.939388, 1.03771, 0.939247, 0.95359, 1.07817, 0.969404
1.95447, 0.9312, 1.04522, 0.936507, 0.962267, 1.08225, 0.971606
1.96447, 0.926064, 1.05367, 0.938722, 0.970034, 1.08365, 0.971372
1.97447, 0.925245, 1.06207, 0.945478, 0.975538, 1.08185, 0.969129
1.98447, 0.929237, 1.06948, 0.95542, 0.977936, 1.07669, 0.965932
1.99447, 0.937624, 1.07504, 0.966562, 0.977075, 1.06852, 0.963117
2.00447, 0.94913, 1.07816, 0.976754, 0.973515, 1.05812, 0.961866
2.01447, 0.961859, 1.07849, 0.98419, 0.968393, 1.0467, 0.962835
2.02447, 0.973668, 1.07599, 0.987828, 0.963138, 1.03566, 0.965946
2.03447, 0.982606, 1.07089, 0.987615, 0.959129, 1.02637, 0.970421
2.04447, 0.987302, 1.06371, 0.984453, 0.957365, 1.01993, 0.975034
2.05447, 0.987237, 1.05521, 0.979918, 0.958229, 1.01695, 0.978509
2.06447, 0.982815, 1.04632, 0.975812, 0.961428, 1.01746, 0.979942
2.07447, 0.97525, 1.03809, 0.973665, 0.966102, 1.02092, 0.9791
2.08447, 0.966274, 1.0315, 0.97432, 0.971089, 1.02639, 0.976509
2.09447, 0.957753, 1.02733, 0.977726, 0.975254, 1.03274, 0.97331
2.10447, 0.9513, 1.02605, 0.982983, 0.9778, 1.03893, 0.970907
2.11447, 0.947972, 1.02769, 0.988624, 0.978468, 1.04418, 0.970537
2.12447, 0.948119, 1.03183, 0.993053, 0.977571, 1.04812, 0.972879
2.13447, 0.951396, 1.03764, 0.995012, 0.975857, 1.05081, 0.977832
2.14447, 0.956929, 1.04409, 0.993935, 0.974251, 1.05261, 0.984526
2.15447, 0.963577, 1.05007, 0.9901, 0.973552, 1.05403, 0.991551
2.16447, 0.970204, 1.05465, 0.984538, 0.974182, 1.05557, 0.997342
2.17447, 0.97591, 1.0572, 0.978723, 0.97606, 1.05751, 1.0006
2.18447, 0.980164, 1.05751, 0.974155, 0.978636, 1.05991, 1.0006
2.19447, 0.982815, 1.05578, 0.971934, 0.981072, 1.06253, 0.997379
2.20447, 0.984024, 1.05253, 0.97247, 0.982507, 1.06496, 0.991632
2.21447, 0.984136, 1.04844, 0.975394, 0.98233, 1.0667, 0.984512
2.22447, 0.983542, 1.04424, 0.979692, 0.980373, 1.06727, 0.977299
2.23447, 0.982587, 1.04055, 0.984011, 0.976974, 1.06635, 0.971094
2.24447, 0.981518, 1.03781, 0.987046, 0.972889, 1.06381, 0.966612
2.25447, 0.980495, 1.03622, 0.987894, 0.969085, 1.05971, 0.964116
2.26447, 0.97962, 1.03582, 0.98628, 0.966471, 1.05433, 0.963486
2.27447, 0.978981, 1.03647, 0.982591, 0.96565, 1.04809, 0.964373
2.28447, 0.978666, 1.03795, 0.977734, 0.966751, 1.04152, 0.966368
2.29447, 0.978754, 1.03999, 0.972859, 0.969394, 1.03518, 0.969119
2.30447, 0.979281, 1.04225, 0.969038, 0.972782, 1.02959, 0.97237
2.31447, 0.980201, 1.04438, 0.966998, 0.975899, 1.0252, 0.975921
2.32447, 0.981359, 1.04602, 0.966968, 0.97777, 1.02229, 0.979549
2.33447, 0.982498, 1.04681, 0.968681, 0.977688, 1.02096, 0.982941
2.34447, 0.9833, 1.04644, 0.971508, 0.975394, 1.02111, 0.985691
2.35447, 0.983451, 1.0447, 0.974674, 0.971133, 1.02242, 0.987359
2.36447, 0.982706, 1.04155, 0.977495, 0.965604, 1.02449, 0.987594
2.37447, 0.980948, 1.03713, 0.979549, 0.959811, 1.02682, 0.986263
2.38447, 0.97821, 1.03177, 0.980755, 0.954848, 1.02898, 0.983539
2.39447, 0.974664, 1.02595, 0.981337, 0.951683, 1.03062, 0.97991
2.40447, 0.970583, 1.02022, 0.981698, 0.950979, 1.03154, 0.976084
2.41447, 0.966295, 1.01516, 0.982257, 0.952984, 1.03169, 0.97283
2.42447, 0.962137, 1.01124, 0.983288, 0.957522, 1.03116, 0.970786
2.43447, 0.958429, 1.00883, 0.984826, 0.964057, 1.03007, 0.970301
2.44447, 0.955462, 1.0081, 0.986646, 0.971829, 1.02861, 0.971364
2.45447, 0.953499, 1.00904, 0.988335, 0.980007, 1.02694, 0.973626
2.46447, 0.952774, 1.01152, 0.989419, 0.987827, 1.02524, 0.976521
2.47447, 0.95348, 1.01526, 0.989505, 0.994691, 1.02371, 0.979429
2.48447, 0.955742, 1.01989, 0.988407, 1.0002, 1.02252, 0.981842
2.49447, 0.959584, 1.02496, 0.986211, 1.00415, 1.02185, 0.983484
2.50447, 0.9649, 1.03002, 0.983264, 1.00647, 1.02184, 0.984339
2.51447, 0.971436, 1.0346, 0.980092, 1.00714, 1.02246, 0.984616
2.52447, 0.978813, 1.03826, 0.977275, 1.00622, 1.02352, 0.984645
2.53447, 0.986564, 1.04065, 0.9753, 1.00379, 1.02465, 0.984766
2.54447, 0.994196, 1.04156, 0.974447, 1.00001, 1.02528, 0.985224
2.55447, 1.00126, 1.04094, 0.974728, 0.995144, 1.0248, 0.986114
2.56447, 1.00737, 1.03889, 0.975899, 0.989646, 1.02274, 0.987379
2.57447, 1.01228, 1.03566, 0.97754, 0.984108, 1.0189, 0.988833
2.58447, 1.01581, 1.03158, 0.979186, 0.97922, 1.01349, 0.990223
2.59447, 1.01787, 1.02698, 0.980471, 0.975651, 1.00716, 0.991289
2.60447, 1.01842, 1.02215, 0.981235, 0.973894, 1.00092, 0.99181
2.61447, 1.01749, 1.01723, 0.981581, 0.974135, 0.995903, 0.991655
2.62447, 1.01515, 1.0123, 0.981846, 0.976176, 0.993096, 0.990803
2.63447, 1.01163, 1.00731, 0.982496, 0.979438, 0.993089, 0.989376
2.64447, 1.00728, 1.00224, 0.983976, 0.983082, 0.995879, 0.98764
2.65447, 1.00259, 0.997146, 0.986546, 0.9862, 1.00083, 0.985993
2.66447, 0.998178, 0.992198, 0.990167, 0.988045, 1.0068, 0.984919
2.67447, 0.994659, 0.987725, 0.994458, 0.988235, 1.01239, 0.984899
2.68447, 0.992529, 0.984162, 0.998757, 0.986869, 1.0163, 0.986302
2.69447, 0.992026, 0.981957, 1.00228, 0.984523, 1.0176, 0.989265
2.70447, 0.993038, 0.981459, 1.00431, 0.982117, 1.01597, 0.993607
2.71447, 0.995089, 0.982795, 1.00444, 0.980681, 1.01171, 0.99881
2.72447, 0.997426, 0.985802, 1.00268, 0.981085, 1.00569, 1.00408
2.73447, 0.999197, 0.990012, 0.999522, 0.983809, 0.999065, 1.00852
2.74447, 0.999671, 0.994715, 0.995879, 0.988803, 0.992975, 1.01129
2.75447, 0.99846, 0.999079, 0.992858, 0.99549, 0.988297, 1.01189
2.76447, 0.995657, 1.00231, 0.991518, 1.0029, 0.985461, 1.01023
2.77447, 0.991858, 1.0038, 0.992599, 1.00989, 0.984406, 1.00674
2.78447, 0.988046, 1.00326, 0.996328, 1.01544, 0.984678, 1.00221
2.79447, 0.98536, 1.00075, 1.00234, 1.01886, 0.985615, 0.997655
2.80447, 0.9848, 0.996664, 1.00972, 1.01992, 0.986564, 0.993999
2.81447, 0.986961, 0.991652, 1.01724, 1.01889, 0.98707, 0.991875
2.82447, 0.991854, 0.986475, 1.02357, 1.01641, 0.98697, 0.991448
2.83447, 0.998865, 0.981856, 1.0276, 1.01332, 0.986398, 0.992408
2.84447, 1.00688, 0.978359, 1.02868, 1.01044, 0.985686, 0.994089
2.85447, 1.01451, 0.976294, 1.02672, 1.00839, 0.985218, 0.995696
2.86447, 1.02045, 0.975695, 1.02217, 1.00749, 0.985277, 0.996572
2.87447, 1.0237, 0.976339, 1.01594, 1.00775, 0.985932, 0.996405
2.88447, 1.02382, 0.97782, 1.00913, 1.00894, 0.987002, 0.99534
2.89447, 1.02101, 0.979647, 1.00282, 1.01069, 0.988092, 0.993938
2.90447, 1.01598, 0.981336, 0.997824, 1.01266, 0.988702, 0.993005
2.91447, 1.00984, 0.982503, 0.994554, 1.01457, 0.988358, 0.993356
2.92447, 1.00379, 0.982908, 0.992989, 1.01628, 0.986741, 0.995561
2.93447, 0.998932, 0.982477, 0.992723, 1.01774, 0.983774, 0.999766
2.94447, 0.996049, 0.981283, 0.993108, 1.01898, 0.979643, 1.00564
2.95447, 0.995529, 0.979513, 0.99344, 1.02001, 0.974752, 1.01244
2.96447, 0.99737, 0.977413, 0.99314, 1.02082, 0.969632, 1.01919
2.97447, 1.00126, 0.975243, 0.991902, 1.02134, 0.964824, 1.02491
2.98447, 1.00668, 0.973238, 0.989778, 1.0215, 0.960766, 1.02883
2.99447, 1.01304, 0.971586, 0.987184, 1.02125, 0.957722, 1.03057
3.00447, 1.01974, 0.970416, 0.984825, 1.0206, 0.955757, 1.03015
3.01447, 1.02626, 0.969797, 0.983564, 1.01966, 0.95477, 1.02798
3.02447, 1.0321, 0.969738, 0.984246, 1.01859, 0.954554, 1.02469
3.03447, 1.03685, 0.970186, 0.987519, 1.01758, 0.954888, 1.02102
3.04447, 1.04016, 0.97102, 0.993677, 1.01678, 0.9556, 1.01763
3.05447, 1.04175, 0.972049, 1.00256, 1.01627, 0.956613, 1.01501
3.06447, 1.0415, 0.973019, 1.01353, 1.01602, 0.957933, 1.01343
3.07447, 1.03945, 0.973635, 1.02556, 1.01593, 0.959613, 1.01293
3.08447, 1.03589, 0.973608, 1.03736, 1.01588, 0.961679, 1.01338
3.09447, 1.03131, 0.972716, 1.04762, 1.01578, 0.964077, 1.01457
3.10447, 1.02637, 0.970863, 1.05521, 1.01565, 0.966633, 1.01625
3.11447, 1.02181, 0.968138, 1.05941, 1.0156, 0.969066, 1.01816
3.12447, 1.01829, 0.964829, 1.06004, 1.01582, 0.971044, 1.02012
3.13447, 1.01629, 0.961399, 1.05746, 1.01652, 0.97227, 1.02196
3.14447, 1.01599, 0.95841, 1.0525, 1.01784, 0.972582, 1.02354
3.15447, 1.01725, 0.956414, 1.0463, 1.01984, 0.972017, 1.02473
3.16447, 1.01962, 0.955822, 1.04002, 1.02238, 0.970837, 1.02541
3.17447, 1.02246, 0.956806, 1.03461, 1.02522, 0.969489, 1.02552
3.18447, 1.02506, 0.959233, 1.03068, 1.02804, 0.968504, 1.025
3.19447, 1.02682, 0.962679, 1.02834, 1.03052, 0.968372, 1.02392
3.20447, 1.02736, 0.966512, 1.02728, 1.03244, 0.969412, 1.02244
3.21447, 1.02661, 0.970027, 1.02687, 1.03368, 0.971672, 1.02084
3.22447, 1.02478, 0.972607, 1.02639, 1.03429, 0.974907, 1.01952
3.23447, 1.02232, 0.973867, 1.02519, 1.03441, 0.978614, 1.01888
3.24447, 1.01984, 0.973741, 1.02291, 1.03426, 0.98215, 1.01932
3.25447, 1.01789, 0.972503, 1.01954, 1.03403, 0.984882, 1.02105
3.26447, 1.01694, 0.970688, 1.01542, 1.03386, 0.986346, 1.02408
3.27447, 1.01725, 0.968972, 1.01114, 1.03383, 0.986373, 1.02811
3.28447, 1.01885, 0.968006, 1.00736, 1.03397, 0.985149, 1.03261
3.29447, 1.02157, 0.968269, 1.00471, 1.03428, 0.983185, 1.03685
3.30447, 1.02505, 0.969965, 1.0036, 1.03477, 0.981219, 1.04009
3.31447, 1.02888, 0.972987, 1.00419, 1.03544, 0.980045, 1.04174
3.32447, 1.03263, 0.976953, 1.00636, 1.03633, 0.980323, 1.04151
3.33447, 1.0359, 0.981307, 1.00979, 1.03746, 0.982403, 1.03955
3.34447, 1.03838, 0.985439, 1.01408, 1.0388, 0.986212, 1.03638
3.35447, 1.03987, 0.988819, 1.01879, 1.04025, 0.991221, 1.03288
3.36447, 1.04026, 0.991093, 1.0236, 1.04167, 0.996521, 1.03003
3.37447, 1.03955, 0.992136, 1.02827, 1.04286, 1.00099, 1.02868
3.38447, 1.03788, 0.992057, 1.03266, 1.04366, 1.00352, 1.02937
3.39447, 1.03547, 0.991155, 1.03671, 1.04392, 1.00327, 1.03214
3.40447, 1.03269, 0.989841, 1.04039, 1.04358, 0.999846, 1.03655
3.41447, 1.02997, 0.988557, 1.04363, 1.04267, 0.993464, 1.04176
3.42447, 1.02781, 0.987683, 1.04637, 1.04126, 0.984912, 1.04676
3.43447, 1.02667, 0.987472, 1.04849, 1.03948, 0.975433, 1.05061
3.44447, 1.02692, 0.988005, 1.04994, 1.03745, 0.966483, 1.05268
3.45447, 1.02872, 0.989178, 1.05066, 1.03528, 0.959438, 1.05279
3.46447, 1.03196, 0.990716, 1.0507, 1.03308, 0.955308, 1.05121
3.47447, 1.03623, 0.992227, 1.05017, 1.03094, 0.954529, 1.04858
3.48447, 1.04088, 0.993267, 1.0492, 1.02898, 0.956884, 1.04569
3.49447, 1.04511, 0.993433, 1.04797, 1.02731, 0.961576, 1.04323
3.50447, 1.04809, 0.992438, 1.04662, 1.02605, 0.96743, 1.04163
3.51447, 1.04917, 0.990185, 1.04523, 1.02521, 0.973184, 1.04094
3.52447, 1.048, 0.986798, 1.04381, 1.02474, 0.977783, 1.04084
3.53447, 1.04465, 0.98261, 1.04236, 1.02443, 0.980622, 1.04079
3.54447, 1.0396, 0.978112, 1.04082, 1.02395, 0.981651, 1.04021
3.55447, 1.03373, 0.973863, 1.0392, 1.02296, 0.981343, 1.03869
3.56447, 1.02808, 0.970382, 1.03753, 1.02115, 0.980525, 1.03609
3.57447, 1.0237, 0.968052, 1.03594, 1.01839, 0.980122, 1.03265
3.58447, 1.02139, 0.967053, 1.0346, 1.01483, 0.980881, 1.02889
3.59447, 1.02156, 0.96734, 1.03368, 1.01091, 0.983163, 1.02548
3.60447, 1.02408, 0.968676, 1.03333, 1.00729, 0.986832, 1.02306
3.61447, 1.02831, 0.970705, 1.03359, 1.00476, 0.991285, 1.02204
3.62447, 1.03319, 0.973039, 1.03436, 1.004, 0.995603, 1.0225
3.63447, 1.0375, 0.975352, 1.03539, 1.00543, 0.998786, 1.02417
3.64447, 1.04005, 0.977435, 1.03633, 1.00907, 0.999991, 1.02649
3.65447, 1.03998, 0.979219, 1.03675, 1.01448, 0.99875, 1.02873
3.66447, 1.03695, 0.980758, 1.03628, 1.02089, 0.995076, 1.0302
3.67447, 1.0312, 0.982176, 1.03463, 1.02729, 0.989475, 1.03039
3.68447, 1.02357, 0.983613, 1.03172, 1.03271, 0.982836, 1.02908
3.69447, 1.01529, 0.985167, 1.02769, 1.03637, 0.976261, 1.02641
3.70447, 1.0078, 0.986873, 1.02291, 1.03787, 0.970839, 1.02277
3.71447, 1.0024, 0.988689, 1.01792, 1.03719, 0.96745, 1.01878
3.72447, 0.999996, 0.990518, 1.01335, 1.0347, 0.966606, 1.01506
3.73447, 1.00094, 0.992233, 1.0098, 1.03097, 0.968372, 1.01214
3.74447, 1.00491, 0.993699, 1.00772, 1.02667, 0.972368, 1.01033
3.75447, 1.01099, 0.994785, 1.00733, 1.02237, 0.977855, 1.00966
3.76447, 1.01788, 0.99537, 1.00858, 1.01846, 0.983876, 1.00989
3.77447, 1.02413, 0.995338, 1.01111, 1.01514, 0.989433, 1.01058
3.78447, 1.02847, 0.994585, 1.01434, 1.01246, 0.993668, 1.01123
3.79447, 1.03007, 0.993034, 1.01753, 1.01038, 0.996013, 1.0114
3.80447, 1.02866, 0.990671, 1.01995, 1.00886, 0.996288, 1.01081
3.81447, 1.02459, 0.987576, 1.02099, 1.00792, 0.994714, 1.00941
3.82447, 1.01869, 0.98396, 1.02024, 1.00761, 0.991861, 1.00739
3.83447, 1.01209, 0.98017, 1.0176, 1.008, 0.988513, 1.00514
3.84447, 1.00592, 0.976657, 1.01328, 1.00907, 0.985496, 1.0031
3.85447, 1.00105, 0.973907, 1.00777, 1.01068, 0.983496, 1.0017
3.86447, 0.997926, 0.972351, 1.00173, 1.0125, 0.982912, 1.00119
3.87447, 0.996525, 0.972259, 0.99592, 1.01408, 0.983779, 1.00162
3.88447, 0.996389, 0.973671, 0.991034, 1.01489, 0.985781, 1.00279
3.89447, 0.996816, 0.976364, 0.987612, 1.01446, 0.988351, 1.00434
3.90447, 0.997076, 0.979891, 0.985953, 1.01253, 0.990828, 1.00582
3.91447, 0.996634, 0.983674, 0.986084, 1.00911, 0.99264, 1.00681
3.92447, 0.995299, 0.987126, 0.987769, 1.00458, 0.993447, 1.00702
3.93447, 0.993271, 0.98979, 0.990568, 0.99958, 0.993224, 1.00635
3.94447, 0.99107, 0.991432, 0.993915, 0.994955, 0.99224, 1.0049
3.95447, 0.98938, 0.992081, 0.997222, 0.991538, 0.99096, 1.0029
3.96447, 0.988838, 0.992, 0.999973, 0.989974, 0.98989, 1.00064
3.97447, 0.989844, 0.991591, 1.0018, 0.990556, 0.989415, 0.998384
3.98447, 0.992426, 0.991271, 1.00252, 0.993131, 0.989685, 0.996288
3.99447, 0.99621, 0.991349, 1.00217, 0.997111, 0.990577, 0.99438
4.00447, 1.00049, 0.991948, 1.00095, 1.00158, 0.991754, 0.992574
4.01447, 1.00439, 0.992987, 0.999203, 1.00549, 0.992787, 0.990733
4.02447, 1.00704, 0.994224, 0.997335, 1.00789, 0.993318, 0.988738
4.03447, 1.00779, 0.99536, 0.995731, 1.00814, 0.993192, 0.986555
4.04447, 1.00635, 0.996151, 0.994695, 1.00606, 0.992521, 0.984268
4.05447, 1.00281, 0.996498, 0.994396, 1.00198, 0.99166, 0.982071
4.06447, 0.997653, 0.996495, 0.994841, 0.996638, 0.991088, 0.980216
4.07447, 0.991612, 0.996402, 0.995874, 0.991048, 0.991244, 0.978949
4.08447, 0.985555, 0.996554, 0.997206, 0.986238, 0.992364, 0.978428
4.09447, 0.980315, 0.997249, 0.998469, 0.983029, 0.994374, 0.978681
4.10447, 0.97657, 0.998631, 0.999289, 0.981866, 0.996882, 0.979591
4.11447, 0.974757, 1.00061, 0.999358, 0.982741, 0.999274, 0.980931
4.12447, 0.975038, 1.00288, 0.998506, 0.985235, 1.00089, 0.982422
4.13447, 0.977317, 1.00494, 0.996737, 0.988651, 1.00124, 0.983811
4.14447, 0.981277, 1.0063, 0.994248, 0.9922, 1.00015, 0.984942
4.15447, 0.986447, 1.00655, 0.9914, 0.995199, 0.997864, 0.985785
4.16447, 0.992262, 1.00555, 0.988654, 0.997204, 0.995013, 0.986442
4.17447, 0.998126, 1.00349, 0.986487, 0.998083, 0.992449, 0.987105
4.18447, 1.00347, 1.00084, 0.985283, 0.997981, 0.991033, 0.987984
4.19447, 1.00778, 0.998288, 0.985251, 0.997236, 0.991399, 0.98924
4.20447, 1.01069, 0.996564, 0.986359, 0.99624, 0.993774, 0.990915
4.21447, 1.01195, 0.996239, 0.988326, 0.995326, 0.997906, 0.992905
4.22447, 1.01153, 0.997575, 0.990661, 0.994683, 1.00311, 0.994963
4.23447, 1.00955, 1.00044, 0.992758, 0.994332, 1.00845, 0.996744
4.24447, 1.00631, 1.00431, 0.99402, 0.994156, 1.01292, 0.997884
4.25447, 1.00224, 1.00841, 0.993996, 0.993966, 1.01573, 0.998078
4.26447, 0.997827, 1.01186, 0.992492, 0.993574, 1.01646, 0.997171
4.27447, 0.993573, 1.01395, 0.989629, 0.992858, 1.01514, 0.995204
4.28447, 0.9899, 1.01425, 0.985841, 0.991793, 1.01221, 0.99244
4.29447, 0.987115, 1.01283, 0.981795, 0.990454, 1.0084, 0.989327
4.30447, 0.985375, 1.01018, 0.978253, 0.988991, 1.00457, 0.986435
4.31447, 0.984688, 1.00715, 0.975916, 0.9876, 1.00153, 0.984349
4.32447, 0.98493, 1.00478, 0.975263, 0.986481, 0.999838, 0.983555
4.33447, 0.985878, 1.00399, 0.976448, 0.985812, 0.999807, 0.984341
4.34447, 0.987258, 1.00542, 0.979262, 0.985716, 1.00143, 0.986718
4.35447, 0.988781, 1.00922, 0.98318, 0.986245, 1.00447, 0.990399
4.36447, 0.990178, 1.01503, 0.98748, 0.987353, 1.00853, 0.994838
4.37447, 0.991224, 1.02197, 0.991404, 0.988889, 1.01312, 0.999313
4.38447, 0.991749, 1.02885, 0.99433, 0.990593, 1.0178, 1.00306
4.39447, 0.991649, 1.0344, 0.995897, 0.992128, 1.02215, 1.00541
4.40447, 0.990892, 1.03752, 0.996067, 0.993129, 1.02584, 1.00592
4.41447, 0.989514, 1.0375, 0.995108, 0.99328, 1.02866, 1.00446
4.42447, 0.987617, 1.03418, 0.993498, 0.992403, 1.03045, 1.00125
4.43447, 0.985366, 1.02798, 0.991778, 0.990518, 1.03119, 0.996789
4.44447, 0.982967, 1.01981, 0.990408, 0.987873, 1.03091, 0.991793
4.45447, 0.980646, 1.01092, 0.98964, 0.984907, 1.02978, 0.987032
4.46447, 0.978622, 1.00265, 0.989468, 0.982159, 1.02798, 0.983195
4.47447, 0.977069, 0.996203, 0.989643, 0.980135, 1.02579, 0.980767
4.48447, 0.976091, 0.992422, 0.989765, 0.979169, 1.02346, 0.97995
4.49447, 0.975699, 0.991683, 0.98941, 0.979326, 1.02121, 0.980644
4.50447, 0.975802, 0.993849, 0.988267, 0.980372, 1.01921, 0.982489
4.51447, 0.97622, 0.998336, 0.986237, 0.981825, 1.01754, 0.984952
4.52447, 0.976714, 1.00426, 0.983477, 0.983086, 1.01622, 0.987445
4.53447, 0.977027, 1.0106, 0.980366, 0.98361, 1.01523, 0.989444
4.54447, 0.976939, 1.01642, 0.977419, 0.983061, 1.01451, 0.990583
4.55447, 0.976317, 1.02103, 0.97516, 0.981415, 1.01405, 0.990723
4.56447, 0.975162, 1.02404, 0.974001, 0.978972, 1.01382, 0.98996
4.57447, 0.973624, 1.02545, 0.974149, 0.976271, 1.01384, 0.988596
4.58447, 0.971994, 1.02554, 0.975572, 0.973938, 1.01412, 0.987064
4.59447, 0.970661, 1.02483, 0.978024, 0.972505, 1.01466, 0.985831
4.60447, 0.97004, 1.02389, 0.981116, 0.972257, 1.01545, 0.985289
4.61447, 0.97048, 1.02323, 0.984418, 0.973158, 1.01643, 0.985659
4.62447, 0.972181, 1.0232, 0.987544, 0.974864, 1.01757, 0.986921
4.63447, 0.975121, 1.02391, 0.990222, 0.976826, 1.0188, 0.988802
4.64447, 0.97903, 1.02527, 0.992308, 0.978454, 1.02012, 0.990804
4.65447, 0.983421, 1.027, 0.993772, 0.979281, 1.02154, 0.992299
4.66447, 0.987666, 1.02874, 0.994649, 0.979084, 1.02308, 0.992657
4.67447, 0.991122, 1.03015, 0.994985, 0.977944, 1.02476, 0.991392
4.68447, 0.993264, 1.03097, 0.994809, 0.9762, 1.02655, 0.988297
4.69447, 0.993812, 1.03113, 0.99412, 0.974356, 1.02835, 0.983525
4.70447, 0.992802, 1.03069, 0.992914, 0.972937, 1.03001, 0.977598
4.71447, 0.99059, 1.02984, 0.991226, 0.972354, 1.03129, 0.971336
4.72447, 0.987783, 1.02886, 0.989172, 0.972815, 1.03199, 0.965706
4.73447, 0.985105, 1.02796, 0.986968, 0.974284, 1.03193, 0.961627
4.74447, 0.983234, 1.0273, 0.984916, 0.976511, 1.03106, 0.959775
4.75447, 0.982638, 1.02689, 0.983353, 0.979107, 1.02945, 0.960436
4.76447, 0.983471, 1.02659, 0.982569, 0.981631, 1.02728, 0.963438
4.77447, 0.985536, 1.02621, 0.982722, 0.983684, 1.02485, 0.968188
4.78447, 0.98833, 1.0255, 0.983771, 0.984972, 1.02248, 0.973815
4.79447, 0.991168, 1.02429, 0.985455, 0.985346, 1.02046, 0.979362
4.80447, 0.993345, 1.02256, 0.987324, 0.98481, 1.019, 0.983998
4.81447, 0.994294, 1.02043, 0.988823, 0.983506, 1.01816, 0.987194
4.82447, 0.993711, 1.01817, 0.989409, 0.981695, 1.01789, 0.988803
4.83447, 0.991606, 1.01616, 0.988676, 0.979718, 1.01804, 0.989049
4.84447, 0.988281, 1.01476, 0.98646, 0.977961, 1.01838, 0.988417
4.85447, 0.984242, 1.01425, 0.982886, 0.976806, 1.01871, 0.987492
4.86447, 0.980071, 1.01473, 0.978361, 0.976581, 1.01886, 0.986779
4.87447, 0.976301, 1.01606, 0.973501, 0.977497, 1.01875, 0.986582
4.88447, 0.973317, 1.01794, 0.969012, 0.979602, 1.01844, 0.986948
4.89447, 0.971309, 1.0199, 0.965561, 0.982747, 1.01804, 0.987696
4.90447, 0.970279, 1.02149, 0.963642, 0.986593, 1.01775, 0.988517
4.91447, 0.970095, 1.02232, 0.963499, 0.990652, 1.01779, 0.989106
4.92447, 0.970559, 1.02218, 0.965086, 0.994366, 1.01831, 0.989268
4.93447, 0.971479, 1.0211, 0.968091, 0.997211, 1.01938, 0.988981
4.94447, 0.972712, 1.01932, 0.972011, 0.998797, 1.02094, 0.988387
4.95447, 0.974177, 1.01719, 0.976249, 0.998938, 1.02278, 0.987723
4.96447, 0.975842, 1.01516, 0.980226, 0.997688, 1.02457, 0.987215
4.97447, 0.977686, 1.01357, 0.983477, 0.995315, 1.02593, 0.986988
4.98447, 0.979675, 1.01262, 0.985713, 0.992229, 1.02649, 0.987004
4.99447, 0.98174, 1.01232, 0.986849, 0.988893, 1.02598, 0.98708
5.00447, 0.983781, 1.01251, 0.986991, 0.985721, 1.02432, 0.986947
5.01447, 0.985691, 1.01292, 0.986397, 0.983011, 1.02167, 0.986359
5.02447, 0.987385, 1.01326, 0.985405, 0.980915, 1.01837, 0.985194
5.03447, 0.988823, 1.01334, 0.984369, 0.979455, 1.01493, 0.983525
5.04447, 0.990021, 1.01307, 0.98359, 0.978568, 1.01191, 0.981619
5.05447, 0.991037, 1.01253, 0.983269, 0.978162, 1.00977, 0.979883
5.06447, 0.991945, 1.01189, 0.983481, 0.978164, 1.0088, 0.978748
5.07447, 0.992789, 1.01138, 0.984172, 0.978542, 1.009, 0.978551
5.08447, 0.99356, 1.01117, 0.985185, 0.979289, 1.01013, 0.979431
5.09447, 0.994178, 1.01132, 0.986297, 0.980399, 1.01171, 0.981289
5.10447, 0.994503, 1.01176, 0.987273, 0.981819, 1.01317, 0.983799
5.11447, 0.994376, 1.01228, 0.987916, 0.983431, 1.01397, 0.986502
5.12447, 0.993666, 1.01264, 0.988113, 0.985052, 1.01374, 0.988911
5.13447, 0.992323, 1.01259, 0.987856, 0.986469, 1.01233, 0.990633
5.14447, 0.990424, 1.01199, 0.987251, 0.987491, 1.00986, 0.991452
5.15447, 0.988177, 1.01083, 0.986495, 0.988014, 1.00666, 0.991358
5.16447, 0.985913, 1.00929, 0.98584, 0.988053, 1.00322, 0.990522
5.17447, 0.984029, 1.0076, 0.985541, 0.987758, 1.00004, 0.989224
5.18447, 0.98292, 1.00607, 0.985801, 0.987377, 0.997532, 0.987773
5.19447, 0.9829, 1.00493, 0.986727, 0.9872, 0.995972, 0.986424
5.20447, 0.984125, 1.00432, 0.988296, 0.98748, 0.995443, 0.985338
5.21447, 0.986554, 1.00419, 0.990354, 0.988377, 0.995858, 0.984575
5.22447, 0.989923, 1.00438, 0.992639, 0.989916, 0.996996, 0.984123
5.23447, 0.993777, 1.00464, 0.99482, 0.991994, 0.998562, 0.983948
5.24447, 0.997533, 1.00471, 0.996561, 0.994415, 1.00024, 0.984043
5.25447, 1.00057, 1.0044, 0.997593, 0.996941, 1.00176, 0.984448
5.26447, 1.00235, 1.00366, 0.997762, 0.999351, 1.00287, 0.985249
5.27447, 1.00251, 1.00256, 0.997077, 1.00147, 1.00343, 0.986549
5.28447, 1.00094, 1.00133, 0.995716, 1.00319, 1.00337, 0.988413
5.29447, 0.997847, 1.00025, 0.993995, 1.00443, 1.00268, 0.990827
5.30447, 0.993711, 0.999587, 0.992313, 1.00515, 1.00144, 0.993669
5.31447, 0.989225, 0.99954, 0.991067, 1.00531, 0.999812, 0.996709
5.32447, 0.985176, 1.00018, 0.990563, 1.00485, 0.998, 0.999643
5.33447, 0.982297, 1.00142, 0.990938, 1.00376, 0.996246, 1.00215
5.34447, 0.981134, 1.00306, 0.99212, 1.00207, 0.994794, 1.00398
5.35447, 0.981935, 1.0048, 0.993825, 0.999904, 0.993855, 1.00496
5.36447, 0.984607, 1.00631, 0.995619, 0.997499, 0.993569, 1.00509
5.37447, 0.988738, 1.0073, 0.997013, 0.995178, 0.99399, 1.00453
5.38447, 0.993688, 1.00754, 0.997589, 0.993293, 0.995065, 1.00352
5.39447, 0.998732, 1.00692, 0.997117, 0.992149, 0.996652, 1.00239
5.40447, 1.00321, 1.00543, 0.995641, 0.991924, 0.998535, 1.00145
5.41447, 1.00664, 1.00318, 0.993499, 0.992616, 1.00046, 1.00092
5.42447, 1.00885, 1.00037, 0.991278, 0.99404, 1.00217, 1.00091
5.43447, 1.00992, 0.997238, 0.989689, 0.995878, 1.00343, 1.00141
5.44447, 1.01017, 0.994088, 0.989415, 0.997775, 1.00406, 1.00228
5.45447, 1.01003, 0.991219, 0.990933, 0.999443, 1.00397, 1.0033
5.46447, 1.0099, 0.988916, 0.994388, 1.00076, 1.00314, 1.00425
5.47447, 1.01007, 0.987426, 0.999525, 1.00179, 1.00162, 1.00493
5.48447, 1.0106, 0.986923, 1.00572, 1.00278, 0.999568, 1.00524
5.49447, 1.01138, 0.98749, 1.01208, 1.00405, 0.997171, 1.00515
5.50447, 1.01212, 0.989093, 1.01765, 1.00588, 0.994664, 1.00472
5.51447, 1.0125, 0.991568, 1.02158, 1.00838, 0.992274, 1.00409
5.52447, 1.01227, 0.99463, 1.0233, 1.01143, 0.990194, 1.00339
5.53447, 1.0113, 0.997888, 1.02268, 1.01464, 0.988555, 1.00275
5.54447, 1.00968, 1.0009, 1.01995, 1.01749, 0.987406, 1.00223
5.55447, 1.00767, 1.00322, 1.01571, 1.01939, 0.986725, 1.00187
5.56447, 1.00565, 1.00448, 1.01076, 1.0199, 0.986435, 1.00166
5.57447, 1.004, 1.00446, 1.0059, 1.01884, 0.986438, 1.00157
5.58447, 1.00303, 1.00313, 1.00182, 1.01636, 0.986655, 1.00158
5.59447, 1.00288, 1.00065, 0.99893, 1.01291, 0.987047, 1.0017
5.60447, 1.00351, 0.997393, 0.9974, 1.00915, 0.987627, 1.00193
5.61447, 1.0047, 0.993827, 0.997137, 1.0058, 0.988438, 1.00233
5.62447, 1.00616, 0.990455, 0.997893, 1.00345, 0.989524, 1.00292
5.63447, 1.00756, 0.98769, 0.999365, 1.00244, 0.990884, 1.00371
5.64447, 1.00866, 0.98577, 1.00128, 1.00279, 0.992444, 1.00465
5.65447, 1.00936, 0.984696, 1.00345, 1.00422, 0.99404, 1.00568
5.66447, 1.00971, 0.984229, 1.00575, 1.00627, 0.995439, 1.00667
5.67447, 1.00985, 0.98396, 1.00812, 1.0084, 0.996386, 1.00749
5.68447, 1.01004, 0.983412, 1.01046, 1.01018, 0.996663, 1.00803
5.69447, 1.01047, 0.982187, 1.01263, 1.0113, 0.996149, 1.00819
5.70447, 1.01128, 0.980091, 1.0144, 1.01172, 0.994862, 1.00793
5.71447, 1.01246, 0.977223, 1.01554, 1.01154, 0.992964, 1.00725
5.72447, 1.01389, 0.973984, 1.0158, 1.01097, 0.990727, 1.00622
5.73447, 1.01532, 0.971009, 1.01507, 1.01025, 0.988471, 1.00494
5.74447, 1.01645, 0.969028, 1.01337, 1.00953, 0.986489, 1.00356
5.75447, 1.01702, 0.968686, 1.01092, 1.00886, 0.984977, 1.00225
5.76447, 1.01682, 0.970367, 1.0081, 1.0082, 0.983991, 1.00121
5.77447, 1.0158, 0.974078, 1.00538, 1.00745, 0.983445, 1.00064
5.78447, 1.01403, 0.979408, 1.00322, 1.00653, 0.983149, 1.00072
5.79447, 1.01172, 0.985595, 1.00195, 1.00544, 0.982879, 1.00154
5.80447, 1.00916, 0.991673, 1.0017, 1.00425, 0.982452, 1.00312
5.81447, 1.00669, 0.996677, 1.00238, 1.00316, 0.981798, 1.00533
5.82447, 1.00458, 0.999847, 1.00369, 1.00235, 0.980989, 1.00792
5.83447, 1.00306, 1.00078, 1.00523, 1.00202, 0.98024, 1.01055
5.84447, 1.00223, 0.999524, 1.00658, 1.00227, 0.979851, 1.01283
5.85447, 1.00205, 0.996514, 1.00741, 1.00307, 0.980129, 1.01442
5.86447, 1.00242, 0.992496, 1.00756, 1.00433, 0.981292, 1.01508
5.87447, 1.00314, 0.988329, 1.00708, 1.00587, 0.983389, 1.01477
5.88447, 1.00404, 0.984811, 1.0062, 1.0075, 0.98626, 1.01361
5.89447, 1.00496, 0.982519, 1.00526, 1.00911, 0.989538, 1.01192
5.90447, 1.0058, 0.981722, 1.00462, 1.01064, 0.992713, 1.01009
5.91447, 1.00657, 0.982366, 1.00457, 1.01214, 0.995229, 1.00852
5.92447, 1.00735, 0.984135, 1.0053, 1.01367, 0.996614, 1.00752
5.93447, 1.00825, 0.986554, 1.00683, 1.01528, 0.996586, 1.00722
5.94447, 1.0094, 0.989108, 1.00903, 1.01693, 0.995138, 1.00758
5.95447, 1.01086, 0.991352, 1.01169, 1.0185, 0.992545, 1.00842
5.96447, 1.0126, 0.992976, 1.01454, 1.01975, 0.989323, 1.00945
5.97447, 1.01448, 0.993831, 1.01733, 1.02042, 0.986117, 1.01042
5.98447, 1.01626, 0.993915, 1.01985, 1.02025, 0.983559, 1.01112
5.99447, 1.01765, 0.993338, 1.02196, 1.01911, 0.982123, 1.01153
6.00447, 1.01834, 0.992272, 1.02358, 1.01702, 0.982023, 1.01172
6.01447, 1.01811, 0.990913, 1.02465, 1.01419, 0.983164, 1.01186
6.02447, 1.01688, 0.989452, 1.02515, 1.011, 0.985177, 1.01216
6.03447, 1.01474, 0.988066, 1.02505, 1.00788, 0.987514, 1.01275
6.04447, 1.01197, 0.986907, 1.02435, 1.0053, 0.989596, 1.01367
6.05447, 1.00899, 0.986101, 1.02307, 1.00359, 0.990959, 1.01487
6.06447, 1.00626, 0.985742, 1.02128, 1.00294, 0.991366, 1.01617
6.07447, 1.00424, 0.985879, 1.01911, 1.00336, 0.990867, 1.01737
6.08447, 1.00327, 0.986503, 1.01679, 1.00467, 0.989768, 1.01831
6.09447, 1.0035, 0.987542, 1.01456, 1.0066, 0.988545, 1.01889
6.10447, 1.00489, 0.988862, 1.01268, 1.00885, 0.987707, 1.01913
6.11447, 1.00719, 0.990277, 1.01136, 1.01116, 0.987663, 1.01911
6.12447, 1.01005, 0.991577, 1.01073, 1.01335, 0.988612, 1.019
6.13447, 1.01305, 0.992559, 1.01077, 1.01536, 0.990495, 1.01895
6.14447, 1.0158, 0.993059, 1.01133, 1.01721, 0.993017, 1.01907
6.15447, 1.01804, 0.99298, 1.01217, 1.01895, 0.995718, 1.01939
6.16447, 1.01964, 0.992305, 1.01301, 1.02061, 0.998092, 1.01986
6.17447, 1.02062, 0.991106, 1.0136, 1.02218, 0.999699, 1.02036
6.18447, 1.0211, 0.98953, 1.0138, 1.02355, 1.00026, 1.02076
6.19447, 1.02125, 0.987781, 1.01364, 1.02455, 0.999702, 1.02095
6.20447, 1.0212, 0.986096, 1.01329, 1.02495, 0.998165, 1.02085
6.21447, 1.02105, 0.984708, 1.01305, 1.02456, 0.99595, 1.02046
6.22447, 1.02079, 0.983816, 1.01323, 1.02326, 0.993454, 1.01984
6.23447, 1.02035, 0.983557, 1.01408, 1.02105, 0.991091, 1.01906
6.24447, 1.01961, 0.983979, 1.0157, 1.0181, 0.989213, 1.01823
6.25447, 1.01848, 0.985033, 1.01793, 1.01469, 0.988066, 1.01742
6.26447, 1.01694, 0.986575, 1.02041, 1.01122, 0.987753, 1.01671
6.27447, 1.01507, 0.988394, 1.02264, 1.00813, 0.988231, 1.01609
