0.164472, 1.72318, 1.40304, 2.72983, 1.63172, 1.44347, 2.8716
0.174472, 1.65078, 1.4276, 2.77644, 1.5814, 1.46438, 2.92884
0.184472, 1.58681, 1.44151, 2.83491, 1.5511, 1.47662, 3.00196
0.194472, 1.53923, 1.44666, 2.90617, 1.54361, 1.48108, 3.08705
0.204472, 1.51224, 1.44432, 2.98723, 1.55724, 1.4778, 3.17456
0.214472, 1.50637, 1.4353, 3.07123, 1.58682, 1.4664, 3.25019
0.224472, 1.51904, 1.42026, 3.1479, 1.62493, 1.44642, 3.29707
0.234472, 1.54546, 1.39992, 3.20487, 1.66329, 1.4176, 3.29882
0.244472, 1.57947, 1.37502, 3.22942, 1.69396, 1.38004, 3.24315
0.254472, 1.61453, 1.3463, 3.21078, 1.7105, 1.33442, 3.12521
0.264472, 1.64444, 1.31433, 3.14239, 1.70885, 1.28219, 2.9497
0.274472, 1.66406, 1.27951, 3.02373, 1.68796, 1.22574, 2.73116
0.284472, 1.66987, 1.24219, 2.86124, 1.65003, 1.16854, 2.49214
0.294472, 1.66043, 1.2029, 2.66795, 1.60027, 1.11494, 2.25928
0.304472, 1.63654, 1.16266, 2.46178, 1.54601, 1.06966, 2.05832
0.314472, 1.60122, 1.12316, 2.2627, 1.49541, 1.03702, 1.90902
0.324472, 1.55922, 1.08679, 2.08933, 1.45583, 1.01991, 1.82125
0.334472, 1.51627, 1.05627, 1.95564, 1.4322, 1.01903, 1.79335
0.344472, 1.47805, 1.03417, 1.86849, 1.42593, 1.03237, 1.81301
0.354472, 1.44911, 1.02222, 1.82666, 1.43449, 1.05551, 1.86062
0.364472, 1.43192, 1.02078, 1.82147, 1.45199, 1.08237, 1.91409
0.374472, 1.42638, 1.02858, 1.83906, 1.47053, 1.1066, 1.95393
0.384472, 1.42983, 1.04284, 1.86357, 1.48211, 1.12296, 1.9673
0.394472, 1.43766, 1.05978, 1.88062, 1.48059, 1.12846, 1.95004
0.404472, 1.44433, 1.07542, 1.88024, 1.46309, 1.12287, 1.90629
0.414472, 1.44469, 1.08643, 1.85855, 1.43071, 1.10843, 1.84611
0.424472, 1.43514, 1.09078, 1.81784, 1.3882, 1.08895, 1.78183
0.434472, 1.41453, 1.08805, 1.76526, 1.34273, 1.06854, 1.72426
0.444472, 1.38443, 1.07937, 1.71034, 1.30216, 1.05039, 1.67991
0.454472, 1.3488, 1.06687, 1.66226, 1.27321, 1.03604, 1.64978
0.464472, 1.31313, 1.05303, 1.62743, 1.25993, 1.02527, 1.62998
0.474472, 1.28324, 1.03996, 1.60806, 1.26284, 1.01651, 1.61363
0.484472, 1.26392, 1.02897, 1.60191, 1.27889, 1.00783, 1.59344
0.494472, 1.2579, 1.02032, 1.60335, 1.30214, 0.997802, 1.56401
0.504472, 1.26519, 1.01345, 1.60504, 1.32506, 0.986115, 1.52333
0.514472, 1.28293, 1.00735, 1.60003, 1.34006, 0.973738, 1.47297
0.524472, 1.30593, 1.00098, 1.58341, 1.341, 0.962514, 1.41727
0.534472, 1.32761, 0.993739, 1.55331, 1.32446, 0.954449, 1.36184
0.544472, 1.34119, 0.985575, 1.51094, 1.29042, 0.95094, 1.31196
0.554472, 1.34108, 0.976959, 1.45991, 1.24243, 0.952239, 1.27136
0.564472, 1.32392, 0.968639, 1.40499, 1.18707, 0.957329, 1.2417
0.574472, 1.28936, 0.961343, 1.35086, 1.13285, 0.96424, 1.22272
0.584472, 1.24028, 0.955525, 1.30113, 1.08879, 0.970659, 1.21284
0.594472, 1.18245, 0.951259, 1.25791, 1.06267, 0.974614, 1.20988
0.604472, 1.12364, 0.948305, 1.22189, 1.05953, 0.974988, 1.21164
0.614472, 1.07235, 0.946297, 1.19281, 1.08055, 0.971701, 1.21619
0.624472, 1.03635, 0.944965, 1.1701, 1.12261, 0.965536, 1.22179
0.634472, 1.02135, 0.944291, 1.15336, 1.1787, 0.957704, 1.22675
0.644472, 1.02983, 0.944515, 1.14251, 1.23911, 0.949324, 1.22935
0.654472, 1.06062, 0.945998, 1.1377, 1.29323, 0.941021, 1.22784
0.664472, 1.10892, 0.948971, 1.13885, 1.33155, 0.93277, 1.22085
0.674472, 1.16712, 0.953269, 1.14527, 1.34751, 0.92402, 1.20774
0.684472, 1.22604, 0.958168, 1.15536, 1.33872, 0.914048, 1.18899
0.694472, 1.27653, 0.962376, 1.16665, 1.3073, 0.902388, 1.16629
0.704472, 1.31102, 0.964235, 1.17615, 1.25933, 0.889198, 1.14231
0.714472, 1.32474, 0.962068, 1.18098, 1.2034, 0.875421, 1.12017
0.724472, 1.31648, 0.9546, 1.17904, 1.14885, 0.862709, 1.10273
0.734472, 1.28855, 0.941334, 1.16953, 1.10389, 0.853106, 1.09195
0.744472, 1.24626, 0.922784, 1.15318, 1.0741, 0.848597, 1.08848
0.754472, 1.19673, 0.900505, 1.13211, 1.06167, 0.850621, 1.09158
0.764472, 1.14757, 0.876903, 1.10937, 1.06539, 0.859683, 1.09943
0.774472, 1.10551, 0.854877, 1.0882, 1.08134, 0.875147, 1.10961
0.784472, 1.07539, 0.837364, 1.07145, 1.10409, 0.895265, 1.11966
0.794472, 1.05951, 0.826878, 1.06093, 1.12799, 0.917431, 1.12748
0.804472, 1.05765, 0.825119, 1.05726, 1.14835, 0.938631, 1.1316
0.814472, 1.06738, 0.832719, 1.05979, 1.16212, 0.955981, 1.13123
0.824472, 1.0849, 0.849148, 1.06698, 1.16817, 0.967267, 1.12612
0.834472, 1.10587, 0.872777, 1.07672, 1.16698, 0.971371, 1.11647
0.844472, 1.12627, 0.901097, 1.08681, 1.1601, 0.968477, 1.10286
0.854472, 1.14295, 0.931047, 1.09527, 1.1494, 0.960023, 1.08626
0.864472, 1.154, 0.959418, 1.10059, 1.1365, 0.948391, 1.06807
0.874472, 1.1587, 0.983287, 1.10179, 1.12235, 0.936403, 1.05004
0.884472, 1.15731, 1.00041, 1.09848, 1.10717, 0.92674, 1.03416
0.894472, 1.15067, 1.00953, 1.09079, 1.09067, 0.921417, 1.0223
0.904472, 1.13983, 1.01053, 1.07936, 1.07247, 0.921441, 1.01579
0.914472, 1.12568, 1.00441, 1.06528, 1.05247, 0.926724, 1.01501
0.924472, 1.10887, 0.993079, 1.04993, 1.03123, 0.936236, 1.01915
0.934472, 1.08975, 0.978981, 1.0349, 1.01001, 0.948347, 1.02627
0.944472, 1.06854, 0.964664, 1.02169, 0.990614, 0.96122, 1.03367
0.954472, 1.04554, 0.952334, 1.01145, 0.975011, 0.973157, 1.03852
0.964472, 1.02136, 0.943528, 1.00474, 0.964816, 0.982794, 1.03854
0.974472, 0.997, 0.938938, 1.00133, 0.960844, 0.989153, 1.03264
0.984472, 0.973912, 0.938429, 1.00021, 0.962834, 0.991597, 1.02116
0.994472, 0.953793, 0.941216, 0.99979, 0.969452, 0.989762, 1.00582
1.00447, 0.938326, 0.94614, 0.998266, 0.978595, 0.98357, 0.989246
1.01447, 0.928841, 0.951947, 0.994073, 0.987911, 0.973335, 0.974231
1.02447, 0.925991, 0.957513, 0.98632, 0.995407, 0.959943, 0.963053
1.03447, 0.929547, 0.961964, 0.975065, 0.99996, 0.944985, 0.956905
1.04447, 0.938356, 0.964687, 0.961344, 1.00159, 0.930744, 0.955681
1.05447, 0.950514, 0.965293, 0.94695, 1.00137, 0.919936, 0.958113
1.06447, 0.963706, 0.963561, 0.933992, 1.00107, 0.915209, 0.962219
1.07447, 0.975669, 0.959438, 0.924369, 1.00252, 0.918489, 0.965889
1.08447, 0.984656, 0.953107, 0.919297, 1.00694, 0.930374, 0.967443
1.09447, 0.989794, 0.945094, 0.91903, 1.01446, 0.949756, 0.966004
1.10447, 0.99125, 0.936374, 0.922845, 1.02391, 0.973859, 0.961614
1.11447, 0.990138, 0.928385, 0.929285, 1.03302, 0.998726, 0.955094
1.12447, 0.988201, 0.922901, 0.936596, 1.03894, 1.02007, 0.947738
1.13447, 0.987309, 0.921753, 0.9432, 1.03903, 1.03429, 0.94096
1.14447, 0.988929, 0.926428, 0.948088, 1.03161, 1.0393, 0.935988
1.15447, 0.993664, 0.937654, 0.950995, 1.01653, 1.03508, 0.933694
1.16447, 1.00102, 0.955071, 0.95234, 0.995354, 1.02357, 0.934538
1.17447, 1.00942, 0.977117, 0.952958, 0.971154, 1.00818, 0.938611
1.18447, 1.01655, 1.00119, 0.953716, 0.947872, 0.992818, 0.945694
1.19447, 1.0199, 1.02406, 0.955166, 0.92947, 0.980956, 0.955294
1.20447, 1.01739, 1.04248, 0.957337, 0.919044, 0.974773, 0.966637
1.21447, 1.00791, 1.05385, 0.95974, 0.918132, 0.974766, 0.97864
1.22447, 0.991798, 1.05672, 0.961572, 0.92638, 0.979814, 0.989915
1.23447, 0.970808, 1.05111, 0.962053, 0.941647, 0.987656, 0.998867
1.24447, 0.947931, 1.03848, 0.96077, 0.960507, 0.995595, 1.00389
1.25447, 0.926832, 1.02135, 0.9579, 0.97903, 1.00121, 1.00369
1.26447, 0.911142, 1.00281, 0.95424, 0.993644, 1.00286, 0.997553
1.27447, 0.903723, 0.985802, 0.951002, 1.00186, 0.999959, 0.985684
1.28447, 0.906073, 0.972611, 0.949453, 1.00274, 0.992841, 0.969251
1.29447, 0.917988, 0.964465, 0.950483, 0.996912, 0.982549, 0.950309
1.30447, 0.937565, 0.961441, 0.95425, 0.986317, 0.970474, 0.931473
1.31447, 0.961538, 0.962622, 0.960022, 0.9736, 0.958072, 0.915464
1.32447, 0.985875, 0.966442, 0.966259, 0.961437, 0.946687, 0.904602
1.33447, 1.00652, 0.97112, 0.970947, 0.951902, 0.937483, 0.900371
1.34447, 1.02011, 0.975072, 0.972093, 0.946053, 0.931425, 0.903161
1.35447, 1.02458, 0.977205, 0.968251, 0.943806, 0.929243, 0.912226
1.36447, 1.01945, 0.977051, 0.958954, 0.944109, 0.931345, 0.925855
1.37447, 1.00582, 0.974752, 0.944924, 0.945333, 0.937681, 0.941699
1.38447, 0.986133, 0.970922, 0.928014, 0.94578, 0.947619, 0.957183
1.39447, 0.963625, 0.966452, 0.910876, 0.944158, 0.959911, 0.969906
1.40447, 0.941716, 0.962311, 0.896455, 0.939916, 0.972824, 0.977979
1.41447, 0.923404, 0.959374, 0.887393, 0.933376, 0.98443, 0.980257
1.42447, 0.910795, 0.958307, 0.88549, 0.925636, 0.993015, 0.976466
1.43447, 0.904833, 0.959487, 0.891332, 0.918311, 0.997493, 0.967223
1.44447, 0.905275, 0.962976, 0.904155, 0.913159, 0.9977, 0.953948
1.45447, 0.910893, 0.968502, 0.921957, 0.911701, 0.994462, 0.938689
1.46447, 0.91982, 0.975492, 0.941847, 0.914895, 0.989392, 0.923842
1.47447, 0.929988, 0.98312, 0.960547, 0.922929, 0.984482, 0.911785
1.48447, 0.939536, 0.990416, 0.974965, 0.935157, 0.98157, 0.90448
1.49447, 0.947126, 0.996411, 0.982724, 0.950173, 0.981865, 0.903083
1.50447, 0.95212, 1.00032, 0.982578, 0.966022, 0.985646, 0.907676
1.51447, 0.954588, 1.0017, 0.97463, 0.980514, 0.992227, 0.917194
1.52447, 0.955187, 1.00063, 0.960322, 0.991585, 1.00019, 0.929603
1.53447, 0.954937, 0.997686, 0.942194, 0.997674, 1.00778, 0.942317
1.54447, 0.954952, 0.993923, 0.92345, 0.998034, 1.01343, 0.952782
1.55447, 0.956188, 0.99065, 0.907395, 0.992916, 1.01609, 0.959084
1.56447, 0.959244, 0.989159, 0.896848, 0.983579, 1.01551, 0.960419
1.57447, 0.964247, 0.990419, 0.893631, 0.972084, 1.01218, 0.957279
1.58447, 0.970838, 0.994825, 0.898233, 0.960908, 1.00715, 0.951299
1.59447, 0.978236, 1.00206, 0.909727, 0.952432, 1.00168, 0.944782
1.60447, 0.985391, 1.01113, 0.925957, 0.94842, 0.996934, 0.940034
1.61447, 0.991165, 1.02055, 0.943975, 0.949616, 0.993699, 0.938707
1.62447, 0.99454, 1.02866, 0.960633, 0.955565, 0.992293, 0.941338
1.63447, 0.994802, 1.03401, 0.973214, 0.964721, 0.992585, 0.947222
1.64447, 0.991689, 1.03568, 0.979967, 0.974825, 0.994146, 0.954671
1.65447, 0.985453, 1.03349, 0.980431, 0.983468, 0.996433, 0.961562
1.66447, 0.97686, 1.02802, 0.975467, 0.988682, 0.998956, 0.966008
1.67447, 0.967081, 1.02048, 0.967009, 0.989422, 1.00139, 0.966948
1.68447, 0.957522, 1.01242, 0.957579, 0.985779, 1.00358, 0.964455
1.69447, 0.949599, 1.00537, 0.949696, 0.978905, 1.00552, 0.95969
1.70447, 0.944497, 1.00048, 0.945307, 0.970648, 1.00728, 0.954505
1.71447, 0.942962, 0.998366, 0.945383, 0.963027, 1.00892, 0.950839
1.72447, 0.945167, 0.998967, 0.94976, 0.957699, 1.01047, 0.950112
1.73447, 0.950677, 1.00169, 0.957259, 0.955555, 1.01193, 0.952786
1.74447, 0.958523, 1.00561, 0.96604, 0.956566, 1.0133, 0.958258
1.75447, 0.967383, 1.00976, 0.974093, 0.95989, 1.01462, 0.965082
1.76447, 0.975828, 1.01336, 0.979745, 0.964198, 1.01595, 0.971456
1.77447, 0.982594, 1.01604, 0.982048, 0.9681, 1.01743, 0.975795
1.78447, 0.986813, 1.01781, 0.980967, 0.970538, 1.01919, 0.977209
1.79447, 0.988169, 1.01902, 0.977323, 0.97105, 1.02134, 0.975733
1.80447, 0.986932, 1.02014, 0.972522, 0.969829, 1.02394, 0.972253
1.81447, 0.983871, 1.0216, 0.968141, 0.967605, 1.02699, 0.968154
1.82447, 0.980059, 1.02358, 0.965487, 0.965384, 1.03043, 0.964833
1.83447, 0.976609, 1.02597, 0.965238, 0.964159, 1.03418, 0.963229
1.84447, 0.974406, 1.02836, 0.967261, 0.964649, 1.03816, 0.963527
1.85447, 0.973885, 1.03018, 0.97064, 0.967148, 1.04226, 0.965135
1.86447, 0.974919, 1.03088, 0.973922, 0.971481, 1.04633, 0.966917
1.87447, 0.976841, 1.03013, 0.975509, 0.977077, 1.05011, 0.967601
1.88447, 0.978594, 1.02789, 0.974099, 0.9831, 1.05317, 0.966239
1.89447, 0.979004, 1.02451, 0.969069, 0.988615, 1.05497, 0.962543
1.90447, 0.977086, 1.02063, 0.960704, 0.992752, 1.05486, 0.957023
1.91447, 0.972343, 1.01707, 0.950202, 0.994847, 1.05228, 0.950856
1.92447, 0.964957, 1.01468, 0.939457, 0.994548, 1.04695, 0.945565
1.93447, 0.955835, 1.01413, 0.930657, 0.991889, 1.03902, 0.942585
1.94447, 0.946487, 1.01582, 0.925792, 0.9873, 1.02922, 0.942856
1.95447, 0.938733, 1.0198, 0.926179, 0.981561, 1.01883, 0.946572
1.96447, 0.93432, 1.02576, 0.932137, 0.975685, 1.0095, 0.953135
1.97447, 0.934516, 1.03308, 0.942874, 0.970738, 1.00297, 0.961328
1.98447, 0.939784, 1.04094, 0.956634, 0.967625, 1.00066, 0.969648
1.99447, 0.949615, 1.04839, 0.971067, 0.966885, 1.00332, 0.976689
2.00447, 0.962575, 1.05448, 0.983742, 0.968563, 1.01084, 0.981474
2.01447, 0.976555, 1.05839, 0.992673, 0.972186, 1.02215, 0.983646
2.02447, 0.989192, 1.05952, 0.996742, 0.976868, 1.03543, 0.983479
2.03447, 0.998346, 1.0576, 0.995903, 0.981534, 1.04849, 0.981723
2.04447, 1.00255, 1.05276, 0.991126, 0.985183, 1.05919, 0.979345
2.05447, 1.00133, 1.04556, 0.984101, 0.987141, 1.06592, 0.97725
2.06447, 0.995236, 1.03697, 0.976782, 0.987208, 1.0679, 0.976055
2.07447, 0.985781, 1.02823, 0.970885, 0.98567, 1.06528, 0.97598
2.08447, 0.975047, 1.02068, 0.967493, 0.983166, 1.05908, 0.976864
2.09447, 0.965249, 1.01551, 0.966845, 0.980463, 1.05087, 0.978283
2.10447, 0.95828, 1.01353, 0.968377, 0.978207, 1.04241, 0.979717
2.11447, 0.955348, 1.01501, 0.970981, 0.976733, 1.03528, 0.980706
2.12447, 0.956779, 1.01953, 0.9734, 0.975999, 1.03056, 0.98096
2.13447, 0.962036, 1.02614, 0.974644, 0.975653, 1.02872, 0.980382
2.14447, 0.969905, 1.03344, 0.974296, 0.975207, 1.02957, 0.979033
2.15447, 0.978812, 1.03993, 0.972624, 0.974254, 1.03239, 0.977067
2.16447, 0.987174, 1.04428, 0.97047, 0.972646, 1.03614, 0.97466
2.17447, 0.993704, 1.04566, 0.96896, 0.970582, 1.03968, 0.97198
2.18447, 0.997612, 1.04383, 0.969118, 0.968561, 1.04196, 0.969197
2.19447, 0.998679, 1.03923, 0.97151, 0.967232, 1.0422, 0.966522
2.20447, 0.997198, 1.03282, 0.976031, 0.96719, 1.04001, 0.964239
2.21447, 0.993832, 1.02586, 0.981892, 0.968783, 1.0354, 0.962707
2.22447, 0.989429, 1.01961, 0.987812, 0.971993, 1.02884, 0.962311
2.23447, 0.984849, 1.01508, 0.992365, 0.976424, 1.02119, 0.963359
2.24447, 0.980826, 1.01285, 0.994374, 0.981399, 1.01354, 0.965969
2.25447, 0.977887, 1.01302, 0.993234, 0.986116, 1.00709, 0.969971
2.26447, 0.976326, 1.01526, 0.989084, 0.989828, 1.00291, 0.974876
2.27447, 0.976209, 1.01893, 0.982772, 0.991987, 1.00175, 0.979933
2.28447, 0.977411, 1.02329, 0.975627, 0.992322, 1.00384, 0.984267
2.29447, 0.979652, 1.02761, 0.969121, 0.990841, 1.00884, 0.987059
2.30447, 0.982543, 1.03133, 0.964495, 0.987794, 1.01588, 0.987732
2.31447, 0.985634, 1.03405, 0.962473, 0.983594, 1.02365, 0.986072
2.32447, 0.988464, 1.03553, 0.963123, 0.97876, 1.03072, 0.982264
2.33447, 0.990618, 1.03563, 0.965897, 0.973864, 1.03578, 0.976833
2.34447, 0.991781, 1.03429, 0.969824, 0.969503, 1.03786, 0.970506
2.35447, 0.991776, 1.03145, 0.973795, 0.966266, 1.03655, 0.964062
2.36447, 0.990588, 1.02714, 0.976854, 0.964685, 1.03203, 0.958188
2.37447, 0.988344, 1.02149, 0.978414, 0.965155, 1.025, 0.953402
2.38447, 0.985285, 1.01481, 0.978354, 0.967843, 1.01656, 0.950042
2.39447, 0.981705, 1.00757, 0.976984, 0.972598, 1.00799, 0.948299
2.40447, 0.977894, 1.00045, 0.974896, 0.978906, 1.00053, 0.948275
2.41447, 0.974097, 0.99425, 0.972765, 0.98592, 0.995249, 0.950012
2.42447, 0.970494, 0.989742, 0.97116, 0.992571, 0.992842, 0.953495
2.43447, 0.967215, 0.987574, 0.970405, 0.997752, 0.993595, 0.958598
2.44447, 0.964365, 0.988121, 0.970536, 1.00054, 0.997337, 0.965027
2.45447, 0.962068, 0.991404, 0.971341, 1.00039, 1.00345, 0.972276
2.46447, 0.960484, 0.997063, 0.972462, 0.997264, 1.01096, 0.979633
2.47447, 0.959819, 1.00441, 0.973516, 0.991674, 1.01861, 0.986255
2.48447, 0.960293, 1.01252, 0.974206, 0.984544, 1.0251, 0.991297
2.49447, 0.9621, 1.02041, 0.974379, 0.97704, 1.02924, 0.99407
2.50447, 0.965352, 1.02713, 0.974029, 0.970321, 1.03017, 0.994183
2.51447, 0.970038, 1.03197, 0.973256, 0.965305, 1.02758, 0.991629
2.52447, 0.976001, 1.0345, 0.972199, 0.962516, 1.02172, 0.986794
2.53447, 0.982942, 1.03462, 0.970973, 0.962017, 1.01345, 0.980383
2.54447, 0.990449, 1.03254, 0.969635, 0.963471, 1.00406, 0.973298
2.55447, 0.998032, 1.02873, 0.968195, 0.966276, 0.995003, 0.966487
2.56447, 1.00517, 1.02378, 0.966651, 0.96975, 0.987631, 0.960806
2.57447, 1.01137, 1.01833, 0.965057, 0.97331, 0.982924, 0.956923
2.58447, 1.01615, 1.01292, 0.963567, 0.976593, 0.981308, 0.955255
2.59447, 1.01914, 1.00797, 0.962462, 0.979502, 0.982618, 0.955958
2.60447, 1.02009, 1.00366, 0.962118, 0.982167, 0.986179, 0.958944
2.61447, 1.01891, 0.999992, 0.96293, 0.984844, 0.991001, 0.963906
2.62447, 1.01571, 0.996816, 0.965202, 0.987786, 0.996014, 0.970367
2.63447, 1.01085, 0.99389, 0.969033, 0.991121, 1.00029, 0.977727
2.64447, 1.00495, 0.990982, 0.974228, 0.994781, 1.00318, 0.985327
2.65447, 0.99877, 0.98795, 0.980277, 0.998485, 1.00441, 0.992509
2.66447, 0.993182, 0.984803, 0.986401, 1.00179, 1.00401, 0.99869
2.67447, 0.988974, 0.981718, 0.991688, 1.00421, 1.00226, 1.00341
2.68447, 0.986708, 0.979015, 0.995273, 1.00531, 0.999545, 1.00638
2.69447, 0.986579, 0.97709, 0.996541, 1.00487, 0.996286, 1.00745
2.70447, 0.988343, 0.97632, 0.995295, 1.00293, 0.99286, 1.00663
2.71447, 0.991349, 0.976965, 0.991843, 0.999836, 0.989578, 1.00404
2.72447, 0.994664, 0.979083, 0.986982, 0.996161, 0.986687, 0.999893
2.73447, 0.997281, 0.982485, 0.981865, 0.992627, 0.984379, 0.994501
2.74447, 0.998361, 0.986739, 0.977781, 0.989937, 0.982792, 0.988292
2.75447, 0.997453, 0.991226, 0.975878, 0.988627, 0.981997, 0.981841
2.76447, 0.994625, 0.995236, 0.976919, 0.988938, 0.98198, 0.975866
2.77447, 0.990469, 0.998085, 0.981098, 0.990757, 0.98262, 0.971178
2.78447, 0.985978, 0.999241, 0.987976, 0.993632, 0.983688, 0.968556
2.79447, 0.982316, 0.998421, 0.996563, 0.996882, 0.984871, 0.968587
2.80447, 0.980537, 0.995645, 1.00551, 0.999764, 0.985821, 0.971481
2.81447, 0.981323, 0.991246, 1.01337, 1.00167, 0.986223, 0.976959
2.82447, 0.984812, 0.98582, 1.01893, 1.00228, 0.985871, 0.984229
2.83447, 0.990554, 0.980131, 1.02138, 1.00169, 0.984722, 0.992112
2.84447, 0.997609, 0.974987, 1.02054, 1.00039, 0.982926, 0.999294
2.85447, 1.00476, 0.971113, 1.01678, 0.999127, 0.980809, 1.00463
2.86447, 1.01079, 0.969026, 1.01099, 0.998729, 0.978817, 1.00746
2.87447, 1.01473, 0.968962, 1.00431, 0.999847, 0.977416, 1.00776
2.88447, 1.0161, 0.970837, 0.997926, 1.00275, 0.976984, 1.00614
2.89447, 1.01492, 0.974272, 0.992795, 1.0072, 0.977704, 1.0037
2.90447, 1.01173, 0.978668, 0.989512, 1.01246, 0.979488, 1.00166
2.91447, 1.00741, 0.983315, 0.988219, 1.01747, 0.981969, 1.00099
2.92447, 1.00298, 0.987517, 0.988638, 1.02113, 0.984555, 1.00216
2.93447, 0.999384, 0.990711, 0.990182, 1.02255, 0.986559, 1.00497
2.94447, 0.997315, 0.99255, 0.992131, 1.0214, 0.987362, 1.00867
2.95447, 0.997128, 0.992952, 0.993808, 1.01798, 0.986586, 1.01219
2.96447, 0.99883, 0.992082, 0.994737, 1.01324, 0.98422, 1.01458
2.97447, 1.00214, 0.990307, 0.994742, 1.00858, 0.980654, 1.01528
2.98447, 1.00661, 0.988103, 0.99398, 1.00546, 0.976606, 1.01437
2.99447, 1.01171, 0.985959, 0.992895, 1.00507, 0.972956, 1.01251
3.00447, 1.01694, 0.984287, 0.992118, 1.00793, 0.970512, 1.01078
3.01447, 1.02191, 0.983345, 0.992328, 1.01377, 0.969799, 1.01031
3.02447, 1.0263, 0.983207, 0.994107, 1.02149, 0.970904, 1.01189
3.03447, 1.02989, 0.983759, 0.997802, 1.02942, 0.973459, 1.01573
3.04447, 1.03251, 0.984727, 1.00344, 1.0357, 0.976755, 1.02135
3.05447, 1.03406, 0.985736, 1.0107, 1.03876, 0.979952, 1.02774
3.06447, 1.03447, 0.986381, 1.01894, 1.03774, 0.982343, 1.03364
3.07447, 1.03375, 0.986297, 1.02733, 1.03269, 0.983562, 1.03789
3.08447, 1.032, 0.985242, 1.03495, 1.02464, 0.983687, 1.03981
3.09447, 1.02943, 0.983144, 1.04104, 1.01537, 0.983199, 1.03931
3.10447, 1.02636, 0.980144, 1.04507, 1.00696, 0.982802, 1.03695
3.11447, 1.02317, 0.976591, 1.04689, 1.00134, 0.983175, 1.03373
3.12447, 1.02027, 0.973013, 1.04676, 0.999802, 0.984735, 1.03073
3.13447, 1.01797, 0.970038, 1.04529, 1.00272, 0.987493, 1.0289
3.14447, 1.0165, 0.968291, 1.04327, 1.00945, 0.991043, 1.02871
3.15447, 1.01588, 0.968273, 1.04152, 1.01856, 0.994703, 1.03011
3.16447, 1.016, 0.970254, 1.04069, 1.02817, 0.997743, 1.03259
3.17447, 1.0166, 0.974196, 1.04111, 1.03642, 0.999631, 1.03534
3.18447, 1.01734, 0.979731, 1.04269, 1.04197, 1.00021, 1.03756
3.19447, 1.01794, 0.98621, 1.04497, 1.04419, 0.999739, 1.03864
3.20447, 1.01818, 0.992812, 1.04725, 1.04335, 0.998812, 1.03836
3.21447, 1.01799, 0.998692, 1.04872, 1.04036, 0.998141, 1.03693
3.22447, 1.01743, 1.00314, 1.04873, 1.0365, 0.99832, 1.0349
3.23447, 1.0167, 1.00572, 1.04691, 1.03301, 0.999622, 1.033
3.24447, 1.01603, 1.00632, 1.04329, 1.03069, 1.00191, 1.03191
3.25447, 1.01568, 1.00518, 1.03833, 1.02977, 1.00467, 1.03213
3.26447, 1.01585, 1.00281, 1.03277, 1.02986, 1.00716, 1.03383
3.27447, 1.01664, 0.999831, 1.02754, 1.03015, 1.00863, 1.03681
3.28447, 1.01809, 0.996883, 1.02348, 1.02977, 1.00856, 1.04058
3.29447, 1.02016, 0.994471, 1.02125, 1.02807, 1.00672, 1.0445
3.30447, 1.02275, 0.992902, 1.02117, 1.02489, 1.00328, 1.04793
3.31447, 1.02573, 0.992271, 1.02321, 1.02067, 0.998745, 1.0504
3.32447, 1.02893, 0.992501, 1.02699, 1.01626, 0.993778, 1.05173
3.33447, 1.03214, 0.993421, 1.03195, 1.01272, 0.989094, 1.05208
3.34447, 1.0351, 0.994836, 1.03743, 1.01096, 0.985315, 1.05189
3.35447, 1.03751, 0.99659, 1.04281, 1.01147, 0.982886, 1.05178
3.36447, 1.03906, 0.998582, 1.04762, 1.01413, 0.98205, 1.05235
3.37447, 1.03946, 1.00075, 1.05158, 1.01827, 0.98286, 1.05404
3.38447, 1.03853, 1.00301, 1.05458, 1.02288, 0.985206, 1.05697
3.39447, 1.0363, 1.00528, 1.05665, 1.02684, 0.988842, 1.06087
3.40447, 1.03299, 1.00736, 1.05792, 1.02932, 0.993412, 1.0651
3.41447, 1.02909, 1.00906, 1.05855, 1.0299, 0.998461, 1.06882
3.42447, 1.02527, 1.01014, 1.05872, 1.02874, 1.00347, 1.07113
3.43447, 1.02228, 1.01043, 1.05855, 1.02642, 1.00789, 1.07133
3.44447, 1.02078, 1.00989, 1.05818, 1.02376, 1.01121, 1.06909
3.45447, 1.0212, 1.00857, 1.05769, 1.02156, 1.01308, 1.06454
3.46447, 1.02361, 1.00668, 1.05719, 1.02034, 1.01332, 1.05827
3.47447, 1.02766, 1.00447, 1.05674, 1.02028, 1.01197, 1.05119
3.48447, 1.03266, 1.00223, 1.05638, 1.02116, 1.00934, 1.04436
3.49447, 1.03764, 1.00014, 1.05612, 1.02257, 1.00587, 1.03873
3.50447, 1.04159, 0.998314, 1.05591, 1.024, 1.00209, 1.03499
3.51447, 1.04368, 0.996731, 1.05566, 1.02508, 0.998474, 1.03337
3.52447, 1.04341, 0.995293, 1.05527, 1.02566, 0.995393, 1.0337
3.53447, 1.04073, 0.993877, 1.05462, 1.0258, 0.993041, 1.03545
3.54447, 1.03609, 0.992394, 1.05361, 1.02569, 0.991448, 1.03788
3.55447, 1.03031, 0.990837, 1.05222, 1.02554, 0.990525, 1.04023
3.56447, 1.02442, 0.989288, 1.05046, 1.02546, 0.990137, 1.04191
3.57447, 1.01944, 0.987894, 1.04843, 1.02536, 0.990165, 1.04258
3.58447, 1.01615, 0.986819, 1.04629, 1.02505, 0.990556, 1.0422
3.59447, 1.01497, 0.986189, 1.04421, 1.02426, 0.991327, 1.04101
3.60447, 1.01583, 0.98605, 1.04236, 1.02282, 0.992542, 1.03942
3.61447, 1.01822, 0.986354, 1.04089, 1.02072, 0.994259, 1.03785
3.62447, 1.02134, 0.986983, 1.03988, 1.0182, 0.996471, 1.03665
3.63447, 1.02421, 0.987789, 1.03931, 1.01567, 0.999061, 1.03597
3.64447, 1.02597, 0.988648, 1.03911, 1.01361, 1.00178, 1.03571
3.65447, 1.02598, 0.989502, 1.03907, 1.01246, 1.00427, 1.0356
3.66447, 1.02401, 0.990372, 1.03898, 1.01245, 1.00608, 1.03519
3.67447, 1.02028, 0.99134, 1.03855, 1.01358, 1.00678, 1.03407
3.68447, 1.0154, 0.992517, 1.03754, 1.01561, 1.00603, 1.03195
3.69447, 1.01026, 0.993989, 1.03577, 1.01814, 1.00365, 1.02879
3.70447, 1.00582, 0.995779, 1.03318, 1.02077, 0.999715, 1.02487
3.71447, 1.00294, 0.997827, 1.02985, 1.02317, 0.994558, 1.02078
3.72447, 1.00219, 1, 1.02605, 1.02519, 0.988757, 1.01726
3.73447, 1.00371, 1.00211, 1.02216, 1.02681, 0.983057, 1.01505
3.74447, 1.00717, 1.00396, 1.01863, 1.02809, 0.978248, 1.01468
3.75447, 1.01187, 1.00535, 1.01592, 1.0291, 0.975021, 1.01628
3.76447, 1.01681, 1.00613, 1.01435, 1.0298, 0.973824, 1.01944
3.77447, 1.02097, 1.00618, 1.01406, 1.03002, 0.974763, 1.0233
3.78447, 1.02346, 1.0054, 1.01492, 1.02951, 0.97757, 1.02671
3.79447, 1.02373, 1.00373, 1.01653, 1.02803, 0.981647, 1.02844
3.80447, 1.02165, 1.00112, 1.0183, 1.02545, 0.986193, 1.02758
3.81447, 1.01756, 0.997623, 1.01955, 1.02186, 0.990373, 1.02375
3.82447, 1.01216, 0.993358, 1.01966, 1.01762, 0.993493, 1.01728
3.83447, 1.00635, 0.988587, 1.01817, 1.01326, 0.995143, 1.00916
3.84447, 1.00101, 0.983708, 1.01497, 1.00939, 0.995262, 1.00085
3.85447, 0.996854, 0.979222, 1.0103, 1.00651, 0.99412, 0.993885
3.86447, 0.994236, 0.975668, 1.0047, 1.00488, 0.992217, 0.989542
3.87447, 0.993145, 0.973517, 0.998982, 1.00442, 0.990141, 0.988474
3.88447, 0.99324, 0.973072, 0.993997, 1.00473, 0.988427, 0.990546
3.89447, 0.993972, 0.974383, 0.990506, 1.00517, 0.987439, 0.994869
3.90447, 0.994761, 0.977219, 0.989004, 1.00509, 0.987328, 1.00003
3.91447, 0.995156, 0.981104, 0.989618, 1.00398, 0.988051, 1.00446
3.92447, 0.994949, 0.985414, 0.992081, 1.0016, 0.98943, 1.00685
3.93447, 0.994218, 0.989517, 0.995786, 0.998114, 0.991247, 1.00647
3.94447, 0.993279, 0.992908, 0.99991, 0.994001, 0.993303, 1.00334
3.95447, 0.992575, 0.995322, 1.00358, 0.989961, 0.995456, 0.998213
3.96447, 0.992531, 0.996766, 1.00605, 0.986735, 0.997608, 0.992321
3.97447, 0.993416, 0.997489, 1.00681, 0.984925, 0.999673, 0.987062
3.98447, 0.995249, 0.997878, 1.00573, 0.984864, 1.00154, 0.983619
3.99447, 0.997782, 0.998328, 1.00301, 0.98654, 1.00303, 0.98267
4.00447, 1.00054, 0.999109, 0.999159, 0.989614, 1.00396, 0.98424
4.01447, 1.00293, 1.00029, 0.994875, 0.993501, 1.00415, 0.987727
4.02447, 1.00439, 1.00172, 0.990907, 0.997487, 1.0035, 0.992086
4.03447, 1.00446, 1.0031, 0.987914, 1.00087, 1.00204, 0.996106
4.04447, 1.00297, 1.00405, 0.986346, 1.00306, 0.999958, 0.998715
4.05447, 0.999995, 1.00431, 0.986373, 1.00372, 0.997546, 0.999221
4.06447, 0.995869, 1.00376, 0.987864, 1.00274, 0.995141, 0.997449
4.07447, 0.991136, 1.0025, 0.990417, 1.0003, 0.993027, 0.993742
4.08447, 0.986438, 1.00084, 0.993446, 0.996805, 0.991354, 0.988838
4.09447, 0.982419, 0.999167, 0.996283, 0.992833, 0.990101, 0.983666
4.10447, 0.979634, 0.997866, 0.998306, 0.989014, 0.989104, 0.979116
4.11447, 0.978476, 0.997178, 0.999053, 0.985928, 0.988129, 0.975839
4.12447, 0.979135, 0.997139, 0.998305, 0.98399, 0.986982, 0.974126
4.13447, 0.98158, 0.997565, 0.996133, 0.983374, 0.985607, 0.973884
4.14447, 0.985573, 0.998116, 0.992885, 0.983971, 0.984143, 0.974712
4.15447, 0.990703, 0.998406, 0.989131, 0.985431, 0.982918, 0.976052
4.16447, 0.99643, 0.998133, 0.98555, 0.987251, 0.982374, 0.977369
4.17447, 1.00215, 0.99718, 0.982804, 0.988911, 0.982943, 0.97831
4.18447, 1.00728, 0.995674, 0.981403, 0.990018, 0.984923, 0.978803
4.19447, 1.01128, 0.993955, 0.981593, 0.990412, 0.988371, 0.979062
4.20447, 1.01379, 0.992497, 0.983297, 0.9902, 0.993073, 0.979503
4.21447, 1.0146, 0.991772, 0.986115, 0.989709, 0.998574, 0.980586
4.22447, 1.01373, 0.992115, 0.989398, 0.989366, 1.00428, 0.982643
4.23447, 1.01137, 0.993621, 0.992367, 0.989547, 1.0096, 0.985737
4.24447, 1.00787, 0.996105, 0.994278, 0.990443, 1.01403, 0.98959
4.25447, 1.00371, 0.999137, 0.994574, 0.991987, 1.01731, 0.993635
4.26447, 0.999359, 1.00215, 0.993013, 0.993878, 1.01936, 0.997147
4.27447, 0.995281, 1.00457, 0.989723, 0.995679, 1.0203, 0.999451
4.28447, 0.991841, 1.006, 0.985187, 0.996976, 1.02035, 1.00012
4.29447, 0.989289, 1.0063, 0.98015, 0.997521, 1.01971, 0.999105
4.30447, 0.987746, 1.00564, 0.975468, 0.997316, 1.01851, 0.996791
4.31447, 0.987211, 1.00448, 0.971938, 0.996605, 1.01679, 0.993877
4.32447, 0.987584, 1.00346, 0.970134, 0.995776, 1.01449, 0.991189
4.33447, 0.988692, 1.00322, 0.970302, 0.995201, 1.01157, 0.989448
4.34447, 0.990312, 1.00422, 0.972325, 0.995084, 1.00807, 0.989054
4.35447, 0.992192, 1.00665, 0.975762, 0.995362, 1.0042, 0.989974
4.36447, 0.994073, 1.01031, 0.979959, 0.995714, 1.00034, 0.991757
4.37447, 0.995699, 1.0146, 0.984199, 0.995664, 0.997071, 0.993674
4.38447, 0.996834, 1.0187, 0.987849, 0.994753, 0.994992, 0.994942
4.39447, 0.997285, 1.02168, 0.990483, 0.992718, 0.994638, 0.994964
4.40447, 0.996916, 1.0227, 0.991933, 0.989613, 0.996307, 0.9935
4.41447, 0.995673, 1.02127, 0.992287, 0.985819, 0.999946, 0.990738
4.42447, 0.993591, 1.01732, 0.99182, 0.981951, 1.0051, 0.987219
4.43447, 0.990808, 1.01124, 0.990883, 0.978679, 1.01097, 0.983676
4.44447, 0.987547, 1.0039, 0.989796, 0.976529, 1.01651, 0.980806
4.45447, 0.984108, 0.996404, 0.988759, 0.97573, 1.02065, 0.979078
4.46447, 0.980827, 0.989925, 0.987813, 0.976163, 1.02251, 0.978613
4.47447, 0.978035, 0.985467, 0.986852, 0.977418, 1.0216, 0.979179
4.48447, 0.976016, 0.983665, 0.985685, 0.978942, 1.01792, 0.980293
4.49447, 0.974958, 0.984669, 0.984122, 0.980226, 1.01201, 0.981387
4.50447, 0.974919, 0.988128, 0.982053, 0.980959, 1.00483, 0.981985
4.51447, 0.975806, 0.99328, 0.979511, 0.981107, 0.997609, 0.981836
4.52447, 0.977381, 0.999121, 0.976678, 0.980885, 0.991556, 0.980959
4.53447, 0.979289, 1.00463, 0.973854, 0.980652, 0.987667, 0.979601
4.54447, 0.981112, 1.00896, 0.971387, 0.980757, 0.986526, 0.978126
4.55447, 0.982449, 1.0116, 0.969594, 0.981401, 0.988213, 0.97687
4.56447, 0.982992, 1.01249, 0.968686, 0.982571, 0.992329, 0.976034
4.57447, 0.982603, 1.01192, 0.968728, 0.984041, 0.998107, 0.975615
4.58447, 0.98136, 1.0105, 0.969641, 0.985468, 1.00459, 0.975429
4.59447, 0.979555, 1.00895, 0.971237, 0.986517, 1.01085, 0.975188
4.60447, 0.977652, 1.00796, 0.973279, 0.986977, 1.01613, 0.97462
4.61447, 0.976192, 1.00803, 0.975544, 0.986831, 1.01996, 0.973578
4.62447, 0.975675, 1.00935, 0.977868, 0.98626, 1.0222, 0.972119
4.63447, 0.976438, 1.01182, 0.980157, 0.985567, 1.023, 0.970515
4.64447, 0.978562, 1.01506, 0.982369, 0.985077, 1.02268, 0.969193
4.65447, 0.981831, 1.01855, 0.984477, 0.985025, 1.02162, 0.968634
4.66447, 0.985768, 1.02171, 0.986425, 0.985484, 1.0202, 0.969236
4.67447, 0.989726, 1.02407, 0.988101, 0.98635, 1.01865, 0.971197
4.68447, 0.993037, 1.02534, 0.98934, 0.98738, 1.01711, 0.974437
4.69447, 0.995163, 1.02547, 0.989961, 0.988273, 1.01557, 0.978587
4.70447, 0.995826, 1.02461, 0.989827, 0.988755, 1.01397, 0.983048
4.71447, 0.995081, 1.02309, 0.988903, 0.988661, 1.01221, 0.987105
4.72447, 0.993296, 1.0213, 0.987303, 0.987968, 1.01025, 0.990076
4.73447, 0.991064, 1.0196, 0.985291, 0.986799, 1.00814, 0.991464
4.74447, 0.989055, 1.01823, 0.983241, 0.985378, 1.00601, 0.991059
4.75447, 0.987848, 1.01726, 0.981557, 0.983981, 1.00409, 0.988995
4.76447, 0.987786, 1.01657, 0.980569, 0.982869, 1.00267, 0.985711
4.77447, 0.98889, 1.01591, 0.980449, 0.982239, 1.00203, 0.981856
4.78447, 0.990864, 1.01496, 0.981148, 0.982189, 1.00239, 0.97814
4.79447, 0.993166, 1.01345, 0.9824, 0.982711, 1.00383, 0.975174
4.80447, 0.995154, 1.01124, 0.983778, 0.983701, 1.00624, 0.973344
4.81447, 0.996235, 1.00842, 0.984794, 0.984984, 1.00936, 0.972746
4.82447, 0.996015, 1.00525, 0.985017, 0.986361, 1.01275, 0.9732
4.83447, 0.994379, 1.00222, 0.984183, 0.987644, 1.01592, 0.974334
4.84447, 0.991507, 0.999868, 0.982254, 0.988705, 1.01839, 0.975723
4.85447, 0.987821, 0.998685, 0.979431, 0.989502, 1.01982, 0.977019
4.86447, 0.983874, 0.998985, 0.976098, 0.990083, 1.02011, 0.978059
4.87447, 0.980221, 1.0008, 0.972733, 0.990573, 1.01938, 0.978894
4.88447, 0.977309, 1.00387, 0.969803, 0.991129, 1.018, 0.979747
4.89447, 0.975398, 1.00764, 0.967662, 0.991893, 1.01643, 0.98091
4.90447, 0.974542, 1.01139, 0.966499, 0.992933, 1.01513, 0.982611
4.91447, 0.974617, 1.01442, 0.966327, 0.99421, 1.01442, 0.9849
4.92447, 0.975389, 1.01616, 0.967009, 0.995569, 1.01439, 0.987596
4.93447, 0.976594, 1.01629, 0.968327, 0.996764, 1.01484, 0.990305
4.94447, 0.978008, 1.01488, 0.970039, 0.997515, 1.01538, 0.99252
4.95447, 0.979488, 1.01225, 0.971941, 0.997574, 1.01555, 0.993759
4.96447, 0.980987, 1.00898, 0.97389, 0.996792, 1.01492, 0.993718
4.97447, 0.982531, 1.00569, 0.975805, 0.995169, 1.01329, 0.992374
4.98447, 0.984182, 1.00295, 0.977642, 0.992858, 1.01075, 0.99001
4.99447, 0.985995, 1.00111, 0.979368, 0.990148, 1.00766, 0.987164
5.00447, 0.987985, 1.00028, 0.980939, 0.987411, 1.00457, 0.984495
5.01447, 0.990115, 1.00033, 0.982289, 0.985033, 1.00207, 0.982622
5.02447, 0.992293, 1.00095, 0.983349, 0.983342, 1.00062, 0.981965
5.03447, 0.99439, 1.00178, 0.98406, 0.98255, 1.00043, 0.982643
5.04447, 0.996267, 1.00254, 0.984404, 0.982716, 1.00136, 0.984445
5.05447, 0.997794, 1.00304, 0.984411, 0.983735, 1.00301, 0.98689
5.06447, 0.998864, 1.00327, 0.984157, 0.985357, 1.00478, 0.989347
5.07447, 0.999401, 1.00333, 0.983744, 0.987227, 1.00608, 0.991187
5.08447, 0.999357, 1.0034, 0.98327, 0.988955, 1.00648, 0.991931
5.09447, 0.998709, 1.00362, 0.982804, 0.990188, 1.00583, 0.991345
5.10447, 0.997464, 1.00404, 0.982373, 0.99069, 1.00433, 0.989478
5.11447, 0.995656, 1.00462, 0.981965, 0.990404, 1.00242, 0.986635
5.12447, 0.993367, 1.00519, 0.981557, 0.989483, 1.00073, 0.983291
5.13447, 0.990735, 1.00558, 0.981138, 0.98827, 0.999795, 0.979983
5.14447, 0.98797, 1.00561, 0.980747, 0.987233, 0.999992, 0.977198
5.15447, 0.985348, 1.00518, 0.980475, 0.986855, 1.00136, 0.97529
5.16447, 0.983195, 1.00432, 0.980458, 0.987503, 1.00358, 0.974431
5.17447, 0.981853, 1.00314, 0.980846, 0.989306, 1.00609, 0.974609
5.18447, 0.981625, 1.00184, 0.981755, 0.992092, 1.00815, 0.975658
5.19447, 0.982712, 1.00061, 0.983219, 0.995387, 1.00912, 0.97731
5.20447, 0.985155, 0.999625, 0.985167, 0.998505, 1.00857, 0.979253
5.21447, 0.988795, 0.998963, 0.987418, 1.00071, 1.00645, 0.981189
5.22447, 0.993259, 0.998634, 0.989706, 1.00138, 1.0031, 0.982868
5.23447, 0.997988, 0.998581, 0.991736, 1.00022, 0.999167, 0.984119
5.24447, 1.00231, 0.998724, 0.99324, 0.997327, 0.995492, 0.984854
5.25447, 1.00553, 0.998996, 0.994041, 0.993209, 0.992865, 0.985071
5.26447, 1.00707, 0.999374, 0.99409, 0.988679, 0.991841, 0.984848
5.27447, 1.00657, 0.999884, 0.993471, 0.98467, 0.99259, 0.984328
5.28447, 1.00397, 1.00059, 0.992384, 0.982011, 0.994839, 0.983703
5.29447, 0.999556, 1.00157, 0.991097, 0.981234, 0.997932, 0.983193
5.30447, 0.993936, 1.00286, 0.989889, 0.982452, 1.00098, 0.983014
5.31447, 0.987941, 1.00445, 0.988989, 0.985354, 1.00309, 0.983341
5.32447, 0.982492, 1.00626, 0.98853, 0.989297, 1.00356, 0.984278
5.33447, 0.978442, 1.00814, 0.98853, 0.993491, 1.00207, 0.985822
5.34447, 0.97642, 1.00988, 0.988891, 0.997202, 0.998776, 0.987858
5.35447, 0.976724, 1.01128, 0.989426, 0.999933, 0.994245, 0.990166
5.36447, 0.979276, 1.01212, 0.989906, 1.00152, 0.989356, 0.992451
5.37447, 0.98365, 1.0122, 0.990113, 1.00216, 0.985079, 0.994407
5.38447, 0.989167, 1.01142, 0.9899, 1.00226, 0.982251, 0.995775
5.39447, 0.995039, 1.00972, 0.989232, 1.00234, 0.981395, 0.996412
5.40447, 1.00052, 1.00712, 0.988219, 1.00284, 0.982608, 0.996328
5.41447, 1.00503, 1.00377, 0.987106, 1.00397, 0.985561, 0.995695
5.42447, 1.00825, 0.999871, 0.98625, 1.00567, 0.989591, 0.994826
5.43447, 1.01015, 0.995743, 0.986052, 1.0076, 0.993871, 0.994104
5.44447, 1.01091, 0.991759, 0.986883, 1.00927, 0.997602, 0.993909
5.45447, 1.01089, 0.988331, 0.988994, 1.01018, 1.00019, 0.994528
5.46447, 1.01046, 0.985853, 0.992441, 1.00997, 1.00134, 0.996089
5.47447, 1.00994, 0.984652, 0.997046, 1.00852, 1.00112, 0.998531
5.48447, 1.00953, 0.984925, 1.0024, 1.00604, 0.999889, 1.00161
5.49447, 1.00929, 0.986699, 1.00792, 1.003, 0.998177, 1.00494
5.50447, 1.00915, 0.989804, 1.01293, 1.00004, 0.996553, 1.00809
5.51447, 1.00898, 0.993883, 1.01681, 0.997795, 0.995487, 1.01065
5.52447, 1.00863, 0.998428, 1.01912, 0.996782, 0.995253, 1.0123
5.53447, 1.00802, 1.00284, 1.01963, 0.997255, 0.995893, 1.01291
5.54447, 1.00717, 1.00653, 1.01845, 0.999151, 0.997242, 1.01251
5.55447, 1.00616, 1.00898, 1.01594, 1.00211, 0.999003, 1.01131
5.56447, 1.00514, 1.00986, 1.01263, 1.00556, 1.00084, 1.00963
5.57447, 1.00426, 1.00905, 1.00914, 1.00882, 1.00246, 1.00783
5.58447, 1.00367, 1.0067, 1.00605, 1.01131, 1.00368, 1.00629
5.59447, 1.00341, 1.00319, 1.00375, 1.01256, 1.00445, 1.00525
5.60447, 1.00348, 0.999048, 1.00246, 1.01241, 1.00481, 1.00486
5.61447, 1.00381, 0.994899, 1.00216, 1.01092, 1.00485, 1.00509
5.62447, 1.00429, 0.991316, 1.0027, 1.00842, 1.00463, 1.00578
5.63447, 1.00481, 0.988722, 1.00384, 1.00538, 1.00416, 1.00668
5.64447, 1.00531, 0.9873, 1.00534, 1.0023, 1.00335, 1.00749
5.65447, 1.00579, 0.986954, 1.00704, 0.999668, 1.00207, 1.00796
5.66447, 1.0063, 0.987333, 1.00882, 0.997845, 1.00019, 1.00793
5.67447, 1.00692, 0.987914, 1.01064, 0.997037, 0.99763, 1.00741
5.68447, 1.00774, 0.988129, 1.01247, 0.997287, 0.994437, 1.00656
5.69447, 1.00883, 0.987516, 1.01423, 0.9985, 0.990809, 1.00567
5.70447, 1.01018, 0.98585, 1.01581, 1.00047, 0.987073, 1.00509
5.71447, 1.01173, 0.983225, 1.01699, 1.00295, 0.983635, 1.00515
5.72447, 1.01333, 0.980058, 1.01757, 1.00565, 0.980897, 1.00603
5.73447, 1.0148, 0.977013, 1.01738, 1.00828, 0.979179, 1.00777
5.74447, 1.01593, 0.974855, 1.01636, 1.0106, 0.978649, 1.01015
5.75447, 1.01651, 0.974268, 1.01459, 1.01237, 0.979302, 1.0128
5.76447, 1.01642, 0.97568, 1.01235, 1.01341, 0.980965, 1.01527
5.77447, 1.01559, 0.979144, 1.00999, 1.01357, 0.983345, 1.01711
5.78447, 1.01406, 0.984298, 1.00793, 1.01279, 0.986089, 1.01803
5.79447, 1.01197, 0.990427, 1.00653, 1.01108, 0.988842, 1.01796
5.80447, 1.00954, 0.996604, 1.00599, 1.00857, 0.991298, 1.01708
5.81447, 1.00703, 1.00188, 1.00634, 1.00552, 0.993224, 1.01576
5.82447, 1.00475, 1.00549, 1.00741, 1.0023, 0.994469, 1.01448
5.83447, 1.00291, 1.00698, 1.00887, 0.999397, 0.994968, 1.01366
5.84447, 1.00169, 1.0063, 1.01037, 0.997295, 0.99474, 1.01356
5.85447, 1.00115, 1.00378, 1.01158, 0.996436, 0.993898, 1.0142
5.86447, 1.00122, 1.00004, 1.01229, 0.99711, 0.992646, 1.01533
5.87447, 1.00175, 0.995844, 1.01247, 0.999376, 0.99128, 1.01653
5.88447, 1.00255, 0.991942, 1.01228, 1.00302, 0.99016, 1.01734
5.89447, 1.0034, 0.988932, 1.01196, 1.00757, 0.989655, 1.0174
5.90447, 1.00415, 0.987185, 1.01185, 1.01238, 0.99007, 1.0166
5.91447, 1.00474, 0.986814, 1.0122, 1.0167, 0.991569, 1.01509
5.92447, 1.0052, 0.987709, 1.01319, 1.01993, 0.994112, 1.01331
5.93447, 1.00568, 0.989595, 1.01483, 1.02164, 0.997433, 1.01181
5.94447, 1.00637, 0.99211, 1.017, 1.02174, 1.00108, 1.01114
5.95447, 1.00741, 0.994872, 1.01946, 1.02046, 1.00449, 1.01167
5.96447, 1.00888, 0.997527, 1.02192, 1.0183, 1.00712, 1.01345
5.97447, 1.01071, 0.999782, 1.0241, 1.01587, 1.0086, 1.01619
5.98447, 1.01268, 1.00142, 1.02578, 1.01377, 1.00875, 1.01932
5.99447, 1.01444, 1.00232, 1.02682, 1.01239, 1.00771, 1.02215
6.00447, 1.01558, 1.00243, 1.02717, 1.01188, 1.00583, 1.02403
6.01447, 1.01575, 1.0018, 1.02688, 1.0121, 1.0036, 1.02455
6.02447, 1.01471, 1.00061, 1.02602, 1.01272, 1.00151, 1.02364
6.03447, 1.01245, 0.999076, 1.02472, 1.01332, 0.999938, 1.02163
6.04447, 1.0092, 0.9975, 1.02311, 1.01358, 0.999062, 1.0191
6.05447, 1.00541, 0.996183, 1.02133, 1.01332, 0.998834, 1.01682
6.06447, 1.00168, 0.995385, 1.01953, 1.0126, 0.999039, 1.01548
6.07447, 0.998599, 0.995269, 1.01783, 1.01166, 0.999379, 1.01554
6.08447, 0.996692, 0.99586, 1.01638, 1.01082, 0.999588, 1.01711
6.09447, 0.996259, 0.997041, 1.01528, 1.01038, 0.999515, 1.01993
6.10447, 0.997344, 0.998566, 1.01459, 1.0105, 0.999165, 1.02344
6.11447, 0.999734, 1.00011, 1.01432, 1.01116, 0.998683, 1.02688
6.12447, 1.00302, 1.00133, 1.01441, 1.01215, 0.998294, 1.02953
6.13447, 1.0067, 1.00194, 1.01473, 1.01316, 0.998207, 1.03084
6.14447, 1.01029, 1.00175, 1.01511, 1.01387, 0.998544, 1.03054
6.15447, 1.01342, 1.0007, 1.01539, 1.01406, 0.999279, 1.02871
6.16447, 1.01589, 0.998896, 1.01546, 1.01366, 1.00024, 1.02576
6.17447, 1.01767, 0.996544, 1.01531, 1.01276, 1.00116, 1.02228
6.18447, 1.01886, 0.993949, 1.01504, 1.01157, 1.00171, 1.01893
6.19447, 1.01962, 0.991456, 1.01486, 1.01035, 1.00165, 1.01631
6.20447, 1.02011, 0.989403, 1.01507, 1.00933, 1.00083, 1.01481
6.21447, 1.02038, 0.988079, 1.01593, 1.00863, 0.999269, 1.01455
6.22447, 1.0204, 0.987682, 1.01763, 1.0083, 0.997132, 1.01541
6.23447, 1.02006, 0.988294, 1.02019, 1.00827, 0.994716, 1.01706
6.24447, 1.01924, 0.989865, 1.02341, 1.00845, 0.99238, 1.01901
6.25447, 1.01783, 0.992211, 1.02685, 1.00875, 0.990482, 1.02081
6.26447, 1.01584, 0.99504, 1.02996, 1.00915, 0.989315, 1.02207
6.27447, 1.01342, 0.997985, 1.03209, 1.00965, 0.989065, 1.02258
