0.164472, 1.76183, 0.57924, 1.82791
0.174472, 1.81777, 0.549148, 1.84439
0.184472, 1.8653, 0.515385, 1.86577
0.194472, 1.8918, 0.484707, 1.87765
0.204472, 1.88983, 0.462998, 1.86883
0.214472, 1.85894, 0.454424, 1.83422
0.224472, 1.80559, 0.46084, 1.77582
0.234472, 1.74117, 0.481548, 1.70174
0.244472, 1.67871, 0.513451, 1.62363
0.254472, 1.62944, 0.551606, 1.5534
0.264472, 1.59987, 0.590112, 1.5001
0.274472, 1.59046, 0.623185, 1.46779
0.284472, 1.59598, 0.646234, 1.45507
0.294472, 1.60749, 0.65671, 1.45605
0.304472, 1.61517, 0.654565, 1.46252
0.314472, 1.61131, 0.642208, 1.46652
0.324472, 1.5924, 0.623966, 1.46252
0.334472, 1.55987, 0.605168, 1.4487
0.344472, 1.51929, 0.591056, 1.42695
0.354472, 1.47835, 0.58578, 1.40177
0.364472, 1.44429, 0.591671, 1.3785
0.374472, 1.42161, 0.608951, 1.36151
0.384472, 1.41075, 0.63589, 1.35294
0.394472, 1.40808, 0.669325, 1.35223
0.404472, 1.40724, 0.705379, 1.35663
0.414472, 1.40138, 0.74019, 1.3624
0.424472, 1.38553, 0.770484, 1.36622
0.434472, 1.35845, 0.793912, 1.36638
0.444472, 1.32339, 0.809143, 1.36335
0.454472, 1.28748, 0.815775, 1.3596
0.464472, 1.25995, 0.814171, 1.35875
0.474472, 1.24966, 0.805296, 1.36438
0.484472, 1.26268, 0.790607, 1.37882
0.494472, 1.30036, 0.771973, 1.40235
0.504472, 1.35872, 0.751599, 1.4329
0.514472, 1.42899, 0.731856, 1.46649
0.524472, 1.4993, 0.715017, 1.49802
0.534472, 1.55711, 0.702909, 1.52228
0.544472, 1.59167, 0.69655, 1.53504
0.554472, 1.59611, 0.695891, 1.53367
0.564472, 1.56861, 0.699768, 1.51757
0.574472, 1.51261, 0.706122, 1.48811
0.584472, 1.43593, 0.712472, 1.44836
0.594472, 1.3493, 0.716531, 1.40261
0.604472, 1.26443, 0.716824, 1.35582
0.614472, 1.19214, 0.713107, 1.31312
0.624472, 1.14084, 0.706487, 1.27926
0.634472, 1.11548, 0.699163, 1.25806
0.644472, 1.11716, 0.693873, 1.25193
0.654472, 1.14322, 0.693166, 1.26143
0.664472, 1.18784, 0.698722, 1.28501
0.674472, 1.24303, 0.710874, 1.31896
0.684472, 1.29969, 0.728497, 1.35774
0.694472, 1.34886, 0.749253, 1.3947
0.704472, 1.38291, 0.770144, 1.42304
0.714472, 1.39653, 0.788207, 1.43694
0.724472, 1.38746, 0.801172, 1.43259
0.734472, 1.35679, 0.807912, 1.40892
0.744472, 1.30881, 0.808596, 1.36787
0.754472, 1.2504, 0.804539, 1.31407
0.764472, 1.18993, 0.797799, 1.25401
0.774472, 1.13592, 0.790681, 1.19491
0.784472, 1.09569, 0.785246, 1.14346
0.794472, 1.07415, 0.782964, 1.10469
0.804472, 1.07302, 0.784556, 1.08127
0.814472, 1.09063, 0.790022, 1.07327
0.824472, 1.12233, 0.798799, 1.07843
0.834472, 1.16141, 0.809989, 1.09283
0.844472, 1.20045, 0.822567, 1.11184
0.854472, 1.23257, 0.83554, 1.131
0.864472, 1.25268, 0.848023, 1.1468
0.874472, 1.25817, 0.859271, 1.15713
0.884472, 1.24912, 0.868673, 1.16136
0.894472, 1.22797, 0.875758, 1.16011
0.904472, 1.19873, 0.880206, 1.15481
0.914472, 1.166, 0.88189, 1.14712
0.924472, 1.13403, 0.880907, 1.13843
0.934472, 1.10597, 0.877589, 1.12956
0.944472, 1.08348, 0.872484, 1.12061
0.954472, 1.06678, 0.866295, 1.11111
0.964472, 1.05498, 0.85979, 1.10028
0.974472, 1.04665, 0.85371, 1.08743
0.984472, 1.04032, 0.84869, 1.07229
0.994472, 1.03498, 0.845208, 1.05524
1.00447, 1.03018, 0.843565, 1.03735
1.01447, 1.02605, 0.843893, 1.02024
1.02447, 1.02297, 0.846171, 1.00573
1.03447, 1.02127, 0.850249, 0.995483
1.04447, 1.02096, 0.855861, 0.990587
1.05447, 1.02158, 0.862639, 0.991311
1.06447, 1.02223, 0.870134, 0.997003
1.07447, 1.02187, 0.877856, 1.0062
1.08447, 1.01955, 0.885324, 1.01691
1.09447, 1.01485, 0.892137, 1.02701
1.10447, 1.00799, 0.898038, 1.03462
1.11447, 0.999936, 0.902963, 1.03846
1.12447, 0.992172, 0.907052, 1.038
1.13447, 0.986377, 0.910629, 1.03351
1.14447, 0.984002, 0.914137, 1.02588
1.15447, 0.98588, 0.918071, 1.01643
1.16447, 0.991967, 0.922898, 1.00655
1.17447, 1.00128, 0.929005, 0.997518
1.18447, 1.01207, 0.936665, 0.990266
1.19447, 1.02216, 0.946021, 0.985337
1.20447, 1.02941, 0.957069, 0.982883
1.21447, 1.03218, 0.969636, 0.982751
1.22447, 1.02971, 0.983339, 0.984591
1.23447, 1.0223, 0.997533, 0.987956
1.24447, 1.01128, 1.01129, 0.992369
1.25447, 0.998772, 1.0234, 0.997354
1.26447, 0.987225, 1.03251, 1.00244
1.27447, 0.978939, 1.03729, 1.00712
1.28447, 0.975547, 1.03669, 1.0109
1.29447, 0.977648, 1.03026, 1.01322
1.30447, 0.984638, 1.01838, 1.01357
1.31447, 0.994796, 1.00234, 1.01146
1.32447, 1.00561, 0.984306, 1.00659
1.33447, 1.01427, 0.967056, 0.998835
1.34447, 1.01826, 0.953497, 0.988361
1.35447, 1.01587, 0.946163, 0.975659
1.36447, 1.00659, 0.946694, 0.961543
1.37447, 0.991203, 0.955474, 0.947111
1.38447, 0.971626, 0.971498, 0.933643
1.39447, 0.950529, 0.992527, 0.922451
1.40447, 0.930784, 1.01549, 0.914687
1.41447, 0.914894, 1.03708, 0.911145
1.42447, 0.904545, 1.05434, 0.912081
1.43447, 0.900345, 1.06523, 0.917109
1.44447, 0.901828, 1.06893, 0.925188
1.45447, 0.907673, 1.06592, 0.934744
1.46447, 0.916089, 1.05774, 0.943904
1.47447, 0.925235, 1.04663, 0.950812
1.48447, 0.933579, 1.03503, 0.953983
1.49447, 0.940114, 1.02509, 0.952601
1.50447, 0.944405, 1.01836, 0.946712
1.51447, 0.946487, 1.01562, 0.937245
1.52447, 0.946675, 1.01689, 0.925862
1.53447, 0.945377, 1.0216, 0.914645
1.54447, 0.942965, 1.02881, 0.905689
1.55447, 0.939731, 1.03745, 0.900684
1.56447, 0.935943, 1.04647, 0.900585
1.57447, 0.931926, 1.05494, 0.905419
1.58447, 0.928128, 1.06213, 0.914301
1.59447, 0.925129, 1.06743, 0.925624
1.60447, 0.923546, 1.07045, 0.937401
1.61447, 0.92388, 1.07096, 0.947666
1.62447, 0.92635, 1.06903, 0.954854
1.63447, 0.930762, 1.06502, 0.95808
1.64447, 0.936493, 1.05965, 0.957251
1.65447, 0.942595, 1.05395, 0.953018
1.66447, 0.948005, 1.04906, 0.94657
1.67447, 0.951806, 1.04612, 0.939337
1.68447, 0.953461, 1.04595, 0.93267
1.69447, 0.952944, 1.04888, 0.927565
1.70447, 0.950728, 1.05466, 0.924499
1.71447, 0.947632, 1.06243, 0.923391
1.72447, 0.944573, 1.07095, 0.923688
1.73447, 0.942291, 1.07883, 0.924556
1.74447, 0.941148, 1.08489, 0.925111
1.75447, 0.941043, 1.08838, 0.924654
1.76447, 0.941486, 1.08917, 0.922845
1.77447, 0.941789, 1.08776, 0.919788
1.78447, 0.941323, 1.08508, 0.916018
1.79447, 0.939757, 1.08232, 0.91239
1.80447, 0.937192, 1.08051, 0.909901
1.81447, 0.93416, 1.08034, 0.909474
1.82447, 0.931481, 1.08196, 0.911757
1.83447, 0.93001, 1.08501, 0.916961
1.84447, 0.930369, 1.08866, 0.924783
1.85447, 0.932718, 1.09195, 0.93442
1.86447, 0.936666, 1.09396, 0.944687
1.87447, 0.941317, 1.09407, 0.954206
1.88447, 0.945477, 1.09214, 0.96165
1.89447, 0.947949, 1.08848, 0.965986
1.90447, 0.94784, 1.0838, 0.966674
1.91447, 0.944818, 1.07901, 0.963776
1.92447, 0.939232, 1.07507, 0.957957
1.93447, 0.932075, 1.07273, 0.950351
1.94447, 0.924789, 1.0724, 0.942347
1.95447, 0.918959, 1.07412, 0.935308
1.96447, 0.915966, 1.07755, 0.930304
1.97447, 0.916673, 1.08204, 0.927916
1.98447, 0.921229, 1.08681, 0.928151
1.99447, 0.929012, 1.09108, 0.930495
2.00447, 0.938755, 1.09421, 0.934087
2.01447, 0.948799, 1.09579, 0.937965
2.02447, 0.957432, 1.09571, 0.941328
2.03447, 0.963245, 1.09415, 0.943722
2.04447, 0.965404, 1.0915, 0.945136
2.05447, 0.963804, 1.08824, 0.945942
2.06447, 0.95906, 1.08488, 0.946738
2.07447, 0.952338, 1.08182, 0.948118
2.08447, 0.945084, 1.0793, 0.950448
2.09447, 0.938704, 1.07738, 0.953721
2.10447, 0.934273, 1.07595, 0.957525
2.11447, 0.932343, 1.07487, 0.961144
2.12447, 0.932893, 1.07397, 0.963752
2.13447, 0.935412, 1.07319, 0.964654
2.14447, 0.93909, 1.07256, 0.963491
2.15447, 0.943067, 1.0722, 0.960347
2.16447, 0.94665, 1.07225, 0.955738
2.17447, 0.949464, 1.07279, 0.950477
2.18447, 0.951497, 1.07377, 0.945462
2.19447, 0.953028, 1.07496, 0.94145
2.20447, 0.954489, 1.07602, 0.938886
2.21447, 0.956293, 1.07653, 0.937834
2.22447, 0.958699, 1.07617, 0.938023
2.23447, 0.961738, 1.07479, 0.938994
2.24447, 0.965223, 1.0725, 0.940285
2.25447, 0.968826, 1.06968, 0.941604
2.26447, 0.972202, 1.06684, 0.94293
2.27447, 0.975088, 1.0645, 0.944507
2.28447, 0.97737, 1.06304, 0.946751
2.29447, 0.979089, 1.06251, 0.95008
2.30447, 0.980378, 1.06263, 0.954745
2.31447, 0.981372, 1.06282, 0.960704
2.32447, 0.982125, 1.06235, 0.967582
2.33447, 0.982553, 1.06055, 0.974727
2.34447, 0.982433, 1.05702, 0.981353
2.35447, 0.981467, 1.05177, 0.986724
2.36447, 0.979373, 1.04523, 0.990319
2.37447, 0.975991, 1.0382, 0.991949
2.38447, 0.971357, 1.03163, 0.991783
2.39447, 0.965744, 1.02637, 0.990286
2.40447, 0.959629, 1.023, 0.988088
2.41447, 0.953631, 1.02168, 0.985824
2.42447, 0.948404, 1.02209, 0.98398
2.43447, 0.944545, 1.02362, 0.982798
2.44447, 0.942503, 1.02549, 0.982248
2.45447, 0.942531, 1.02698, 0.982072
2.46447, 0.944671, 1.02763, 0.981895
2.47447, 0.948766, 1.02731, 0.981357
2.48447, 0.954498, 1.02622, 0.98024
2.49447, 0.961432, 1.02481, 0.978557
2.50447, 0.969067, 1.02359, 0.97658
2.51447, 0.976888, 1.02296, 0.97479
2.52447, 0.984419, 1.02314, 0.973774
2.53447, 0.991259, 1.02405, 0.974071
2.54447, 0.997121, 1.02539, 0.976025
2.55447, 1.00184, 1.02674, 0.97966
2.56447, 1.00539, 1.02761, 0.984629
2.57447, 1.00782, 1.02766, 0.990246
2.58447, 1.00923, 1.02667, 0.995614
2.59447, 1.00976, 1.02464, 0.999811
2.60447, 1.00951, 1.02172, 1.00211
2.61447, 1.00856, 1.01819, 1.00218
2.62447, 1.00696, 1.01439, 1.00018
2.63447, 1.00481, 1.01067, 0.996767
2.64447, 1.00227, 1.00732, 0.992974
2.65447, 0.999557, 1.00463, 0.989971
2.66447, 0.99698, 1.0028, 0.988785
2.67447, 0.994855, 1.00194, 0.990043
2.68447, 0.993437, 1.00205, 0.993791
2.69447, 0.992837, 1.00298, 0.999468
2.70447, 0.992969, 1.00442, 1.00602
2.71447, 0.993546, 1.00588, 1.01215
2.72447, 0.994149, 1.0068, 1.01666
2.73447, 0.994342, 1.00656, 1.01869
2.74447, 0.993819, 1.00469, 1.01802
2.75447, 0.992527, 1.0009, 1.01505
2.76447, 0.990728, 0.995255, 1.01075
2.77447, 0.988975, 0.988177, 1.00637
2.78447, 0.987988, 0.980398, 1.00316
2.79447, 0.988471, 0.972867, 1.00206
2.80447, 0.990908, 0.966569, 1.00347
2.81447, 0.995398, 0.962351, 1.00717
2.82447, 1.00159, 0.960753, 1.01242
2.83447, 1.0087, 0.961903, 1.01815
2.84447, 1.01571, 0.965493, 1.02326
2.85447, 1.02154, 0.970838, 1.02683
2.86447, 1.02531, 0.977007, 1.02839
2.87447, 1.02653, 0.982987, 1.02793
2.88447, 1.02518, 0.987857, 1.02589
2.89447, 1.02168, 0.990926, 1.023
2.90447, 1.01682, 0.991824, 1.02004
2.91447, 1.01151, 0.990522, 1.01771
2.92447, 1.00663, 0.987295, 1.01639
2.93447, 1.0029, 0.982647, 1.01614
2.94447, 1.00072, 0.977204, 1.01669
2.95447, 1.00026, 0.971613, 1.01756
2.96447, 1.00146, 0.966451, 1.01818
2.97447, 1.00413, 0.96216, 1.01811
2.98447, 1.00802, 0.959019, 1.01711
2.99447, 1.01287, 0.957132, 1.01524
3.00447, 1.01838, 0.956446, 1.01286
3.01447, 1.02423, 0.95678, 1.01057
3.02447, 1.03002, 0.957864, 1.00912
3.03447, 1.03524, 0.959382, 1.00921
3.04447, 1.03936, 0.961013, 1.01137
3.05447, 1.0419, 0.962463, 1.01582
3.06447, 1.04253, 0.963494, 1.02242
3.07447, 1.04117, 0.96394, 1.03062
3.08447, 1.03807, 0.963717, 1.03954
3.09447, 1.0338, 0.962819, 1.04813
3.10447, 1.02915, 0.961314, 1.05532
3.11447, 1.02501, 0.959333, 1.06021
3.12447, 1.02217, 0.957055, 1.06225
3.13447, 1.02116, 0.954695, 1.06135
3.14447, 1.02213, 0.952484, 1.05784
3.15447, 1.02483, 0.950649, 1.05245
3.16447, 1.0287, 0.949382, 1.04615
3.17447, 1.03294, 0.948807, 1.03992
3.18447, 1.03677, 0.948949, 1.03459
3.19447, 1.03954, 0.949709, 1.03068
3.20447, 1.04092, 0.950859, 1.02833
3.21447, 1.0409, 0.952064, 1.02731
3.22447, 1.0398, 0.952929, 1.02714
3.23447, 1.03817, 0.953074, 1.02719
3.24447, 1.03661, 0.952224, 1.02691
3.25447, 1.03568, 0.95028, 1.02591
3.26447, 1.03571, 0.947375, 1.02408
3.27447, 1.03678, 0.943867, 1.02159
3.28447, 1.03871, 0.940294, 1.01884
3.29447, 1.04113, 0.937268, 1.01636
3.30447, 1.04355, 0.935346, 1.01469
3.31447, 1.04554, 0.934908, 1.01427
3.32447, 1.04675, 0.936062, 1.01532
3.33447, 1.04705, 0.938619, 1.01788
3.34447, 1.0465, 0.942137, 1.02173
3.35447, 1.04532, 0.946029, 1.02646
3.36447, 1.04384, 0.949719, 1.03159
3.37447, 1.0424, 0.952782, 1.03655
3.38447, 1.04131, 0.955064, 1.04087
3.39447, 1.04077, 0.95671, 1.04415
3.40447, 1.04089, 0.958121, 1.04615
3.41447, 1.04165, 0.959827, 1.04682
3.42447, 1.043, 0.962324, 1.04624
3.43447, 1.04479, 0.965909, 1.04465
3.44447, 1.04688, 0.970557, 1.04241
3.45447, 1.04912, 0.975887, 1.03987
3.46447, 1.05129, 0.981214, 1.03737
3.47447, 1.0532, 0.985684, 1.0352
3.48447, 1.05457, 0.988455, 1.03351
3.49447, 1.05515, 0.988877, 1.03233
3.50447, 1.0547, 0.986641, 1.03159
3.51447, 1.05309, 0.981837, 1.03116
3.52447, 1.05032, 0.974943, 1.03087
3.53447, 1.0466, 0.966729, 1.03061
3.54447, 1.04234, 0.958114, 1.03036
3.55447, 1.03812, 0.950013, 1.0302
3.56447, 1.03459, 0.943204, 1.03028
3.57447, 1.03238, 0.938241, 1.03082
3.58447, 1.03195, 0.935414, 1.032
3.59447, 1.03344, 0.934764, 1.03391
3.60447, 1.03668, 0.936126, 1.03648
3.61447, 1.04109, 0.93918, 1.03944
3.62447, 1.04585, 0.943515, 1.04234
3.63447, 1.04998, 0.948669, 1.04461
3.64447, 1.05255, 0.954173, 1.04563
3.65447, 1.05285, 0.959589, 1.04489
3.66447, 1.05057, 0.964544, 1.04211
3.67447, 1.04584, 0.968773, 1.03734
3.68447, 1.03927, 0.972146, 1.03101
3.69447, 1.03184, 0.974684, 1.0239
3.70447, 1.02469, 0.976547, 1.01704
3.71447, 1.01894, 0.977994, 1.01154
3.72447, 1.01547, 0.979313, 1.00834
3.73447, 1.01472, 0.980742, 1.00809
3.74447, 1.0166, 0.982405, 1.01092
3.75447, 1.02053, 0.984264, 1.0164
3.76447, 1.02554, 0.986132, 1.02361
3.77447, 1.03045, 0.987712, 1.03128
3.78447, 1.03414, 0.988689, 1.03803
3.79447, 1.03579, 0.988816, 1.04262
3.80447, 1.03498, 0.987998, 1.04423
3.81447, 1.03183, 0.986331, 1.04257
3.82447, 1.02693, 0.984092, 1.03799
3.83447, 1.02114, 0.981685, 1.0313
3.84447, 1.01544, 0.979548, 1.02368
3.85447, 1.01065, 0.978065, 1.01636
3.86447, 1.0073, 0.977484, 1.01036
3.87447, 1.00547, 0.977886, 1.00636
3.88447, 1.00486, 0.979182, 1.00453
3.89447, 1.00491, 0.981162, 1.00457
3.90447, 1.00494, 0.983556, 1.00586
3.91447, 1.00442, 0.986093, 1.00761
3.92447, 1.00305, 0.988549, 1.00909
3.93447, 1.00091, 0.990757, 1.00976
3.94447, 0.998386, 0.992598, 1.00942
3.95447, 0.996034, 0.993982, 1.00818
3.96447, 0.994433, 0.994817, 1.00641
3.97447, 0.993986, 0.995005, 1.00456
3.98447, 0.994789, 0.994461, 1.00311
3.99447, 0.996593, 0.99314, 1.00236
4.00447, 0.998851, 0.991093, 1.00245
4.01447, 1.00086, 0.988502, 1.00327
4.02447, 1.00193, 0.985695, 1.00456
4.03447, 1.00156, 0.983134, 1.00598
4.04447, 0.999567, 0.981355, 1.00716
4.05447, 0.996095, 0.980889, 1.00784
4.06447, 0.991601, 0.982159, 1.00785
4.07447, 0.986729, 0.985387, 1.00713
4.08447, 0.982175, 0.990531, 1.00575
4.09447, 0.97855, 0.997249, 1.00381
4.10447, 0.976286, 1.00493, 1.00146
4.11447, 0.975593, 1.01277, 0.998819
4.12447, 0.976463, 1.01988, 0.99599
4.13447, 0.97872, 1.02541, 0.993059
4.14447, 0.982074, 1.02873, 0.99011
4.15447, 0.986171, 1.0295, 0.987232
4.16447, 0.990629, 1.02776, 0.984538
4.17447, 0.995051, 1.02392, 0.982157
4.18447, 0.999037, 1.01873, 0.980222
4.19447, 1.0022, 1.0131, 0.978844
4.20447, 1.00418, 1.00796, 0.978086
4.21447, 1.00471, 1.00412, 0.977936
4.22447, 1.00365, 1.00207, 0.978303
4.23447, 1.00104, 1.00193, 0.979025
4.24447, 0.997135, 1.00344, 0.979897
4.25447, 0.992358, 1.00606, 0.98071
4.26447, 0.987271, 1.00909, 0.98131
4.27447, 0.982476, 1.01189, 0.981626
4.28447, 0.97852, 1.01401, 0.981703
4.29447, 0.975804, 1.01529, 0.981687
4.30447, 0.974518, 1.0159, 0.981792
4.31447, 0.974627, 1.01629, 0.982233
4.32447, 0.975888, 1.01697, 0.983151
4.33447, 0.977916, 1.01843, 0.984554
4.34447, 0.980254, 1.02093, 0.986276
4.35447, 0.982458, 1.02443, 0.987992
4.36447, 0.984159, 1.02857, 0.98928
4.37447, 0.985102, 1.03278, 0.989721
4.38447, 0.985164, 1.03637, 0.98902
4.39447, 0.984351, 1.03877, 0.987107
4.40447, 0.982775, 1.03961, 0.984199
4.41447, 0.980631, 1.03882, 0.980782
4.42447, 0.97817, 1.03664, 0.977524
4.43447, 0.975668, 1.03354, 0.975124
4.44447, 0.973403, 1.03011, 0.974139
4.45447, 0.971621, 1.02689, 0.974821
4.46447, 0.970506, 1.02432, 0.977026
4.47447, 0.970152, 1.02265, 0.980215
4.48447, 0.970544, 1.02195, 0.983553
4.49447, 0.971545, 1.02215, 0.986096
4.50447, 0.972916, 1.02309, 0.987022
4.51447, 0.974341, 1.0246, 0.985838
4.52447, 0.975482, 1.0265, 0.982527
4.53447, 0.976038, 1.02863, 0.977574
4.54447, 0.975806, 1.03082, 0.971887
4.55447, 0.974728, 1.03285, 0.966598
4.56447, 0.972918, 1.03451, 0.96282
4.57447, 0.970652, 1.03553, 0.961398
4.58447, 0.96833, 1.03572, 0.962725
4.59447, 0.966405, 1.03497, 0.966658
4.60447, 0.965302, 1.03331, 0.972552
4.61447, 0.965326, 1.03095, 0.979407
4.62447, 0.966594, 1.0282, 0.986077
4.63447, 0.969, 1.02547, 0.991501
4.64447, 0.972218, 1.02313, 0.994897
4.65447, 0.975758, 1.02144, 0.995886
4.66447, 0.979056, 1.02052, 0.994516
4.67447, 0.981587, 1.02032, 0.991207
4.68447, 0.98298, 1.02065, 0.986627
4.69447, 0.983095, 1.0213, 0.981538
4.70447, 0.982061, 1.02208, 0.97666
4.71447, 0.98025, 1.02289, 0.972557
4.72447, 0.978194, 1.02375, 0.969584
4.73447, 0.976467, 1.02476, 0.967878
4.74447, 0.975555, 1.02607, 0.967392
4.75447, 0.975741, 1.02776, 0.967949
4.76447, 0.977048, 1.02984, 0.969294
4.77447, 0.979231, 1.03221, 0.971144
4.78447, 0.981842, 1.03465, 0.973214
4.79447, 0.984332, 1.03692, 0.975235
4.80447, 0.986173, 1.03877, 0.976957
4.81447, 0.986969, 1.04007, 0.978157
4.82447, 0.98652, 1.04074, 0.978645
4.83447, 0.984846, 1.04084, 0.978285
4.84447, 0.982147, 1.04043, 0.97702
4.85447, 0.978747, 1.03957, 0.974895
4.86447, 0.975008, 1.03828, 0.972073
4.87447, 0.97127, 1.03654, 0.968843
4.88447, 0.967813, 1.03429, 0.965594
4.89447, 0.964851, 1.03152, 0.962775
4.90447, 0.962542, 1.02834, 0.960832
4.91447, 0.961017, 1.02499, 0.960131
4.92447, 0.960384, 1.02186, 0.960888
4.93447, 0.96072, 1.01945, 0.963112
4.94447, 0.962045, 1.0182, 0.966584
4.95447, 0.964281, 1.01843, 0.970871
4.96447, 0.967226, 1.02022, 0.975394
4.97447, 0.970553, 1.02337, 0.979523
4.98447, 0.973847, 1.02737, 0.982692
4.99447, 0.976678, 1.03158, 0.984512
5.00447, 0.978691, 1.03528, 0.984842
5.01447, 0.979693, 1.03787, 0.983826
5.02447, 0.979712, 1.03898, 0.981853
5.03447, 0.979, 1.03853, 0.979473
5.04447, 0.977983, 1.0367, 0.977274
5.05447, 0.977159, 1.03392, 0.975754
5.06447, 0.976981, 1.03066, 0.975214
5.07447, 0.977739, 1.02739, 0.975704
5.08447, 0.979489, 1.02444, 0.977027
5.09447, 0.98203, 1.02198, 0.978809
5.10447, 0.984953, 1.02001, 0.980603
5.11447, 0.987734, 1.01845, 0.982013
5.12447, 0.989857, 1.01716, 0.982788
5.13447, 0.990936, 1.01606, 0.982886
5.14447, 0.9908, 1.01511, 0.982468
5.15447, 0.989531, 1.01438, 0.98185
5.16447, 0.987451, 1.01394, 0.98141
5.17447, 0.985049, 1.01387, 0.981488
5.18447, 0.982886, 1.01417, 0.982297
5.19447, 0.981478, 1.01476, 0.983874
5.20447, 0.981198, 1.01548, 0.98607
5.21447, 0.982202, 1.01609, 0.988585
5.22447, 0.9844, 1.01636, 0.991038
5.23447, 0.987468, 1.01612, 0.993048
5.24447, 0.990907, 1.01525, 0.99431
5.25447, 0.994135, 1.01377, 0.994658
5.26447, 0.996594, 1.01178, 0.994091
5.27447, 0.997863, 1.00947, 0.99278
5.28447, 0.997752, 1.00706, 0.991038
5.29447, 0.996344, 1.00481, 0.989264
5.30447, 0.994, 1.00292, 0.987878
5.31447, 0.991294, 1.00159, 0.987245
5.32447, 0.988905, 1.00093, 0.987599
5.33447, 0.987469, 1.00099, 0.988997
5.34447, 0.987445, 1.00173, 0.991287
5.35447, 0.989003, 1.00305, 0.994132
5.36447, 0.991983, 1.00474, 0.997061
5.37447, 0.995926, 1.00653, 0.999569
5.38447, 1.00018, 1.0081, 1.00123
5.39447, 1.00405, 1.00913, 1.0018
5.40447, 1.00697, 1.00938, 1.00129
5.41447, 1.00866, 1.0087, 1.00002
5.42447, 1.00913, 1.00708, 0.998489
5.43447, 1.00873, 1.00468, 0.997356
5.44447, 1.00798, 1.00179, 0.997224
5.45447, 1.00747, 0.998761, 0.998506
5.46447, 1.00761, 0.995953, 1.00131
5.47447, 1.0086, 0.993658, 1.00537
5.48447, 1.01029, 0.992033, 1.01012
5.49447, 1.01225, 0.991079, 1.01479
5.50447, 1.01392, 0.990645, 1.01855
5.51447, 1.01473, 0.990483, 1.02074
5.52447, 1.01431, 0.990308, 1.021
5.53447, 1.0126, 0.989878, 1.01932
5.54447, 1.00986, 0.989047, 1.01605
5.55447, 1.00665, 0.987801, 1.0118
5.56447, 1.00365, 0.986247, 1.00731
5.57447, 1.0015, 0.984576, 1.00328
5.58447, 1.00064, 0.983011, 1.00025
5.59447, 1.0012, 0.981738, 0.998521
5.60447, 1.00298, 0.980864, 0.998156
5.61447, 1.00551, 0.98039, 0.999024
5.62447, 1.00818, 0.980222, 1.00088
5.63447, 1.01045, 0.980203, 1.00343
5.64447, 1.01195, 0.980158, 1.00642
5.65447, 1.01258, 0.979951, 1.00961
5.66447, 1.01251, 0.97951, 1.01281
5.67447, 1.01212, 0.978852, 1.01579
5.68447, 1.01186, 0.978068, 1.01834
5.69447, 1.0121, 0.977296, 1.02018
5.70447, 1.01304, 0.976678, 1.02106
5.71447, 1.01461, 0.976331, 1.02079
5.72447, 1.01654, 0.976315, 1.0193
5.73447, 1.01839, 0.976629, 1.01672
5.74447, 1.01968, 0.977218, 1.01335
5.75447, 1.02005, 0.977995, 1.00965
5.76447, 1.01931, 0.978867, 1.00617
5.77447, 1.01754, 0.97975, 1.00343
5.78447, 1.01502, 0.980585, 1.00181
5.79447, 1.01222, 0.981329, 1.00149
5.80447, 1.00963, 0.981954, 1.00239
5.81447, 1.00772, 0.982432, 1.00423
5.82447, 1.00676, 0.982736, 1.00658
5.83447, 1.00687, 0.982843, 1.00897
5.84447, 1.00791, 0.982747, 1.01099
5.85447, 1.0096, 0.982476, 1.01237
5.86447, 1.01158, 0.9821, 1.01305
5.87447, 1.01347, 0.981725, 1.01313
5.88447, 1.01496, 0.981473, 1.01283
5.89447, 1.01589, 0.981445, 1.01245
5.90447, 1.01626, 0.981681, 1.01228
5.91447, 1.01618, 0.982133, 1.01253
5.92447, 1.01589, 0.98266, 1.01329
5.93447, 1.01565, 0.98305, 1.01456
5.94447, 1.01568, 0.983079, 1.01628
5.95447, 1.01613, 0.982577, 1.01833
5.96447, 1.01702, 0.9815, 1.0206
5.97447, 1.01825, 0.979971, 1.02302
5.98447, 1.01961, 0.978272, 1.02552
5.99447, 1.02086, 0.976796, 1.02808
6.00447, 1.02173, 0.975949, 1.03065
6.01447, 1.02206, 0.97604, 1.03311
6.02447, 1.02176, 0.977177, 1.0353
6.03447, 1.0209, 0.979216, 1.03697
6.04447, 1.01964, 0.981769, 1.03787
6.05447, 1.01826, 0.984284, 1.03775
6.06447, 1.01706, 0.986175, 1.03646
6.07447, 1.01631, 0.986974, 1.034
6.08447, 1.0162, 0.986458, 1.03057
6.09447, 1.01681, 0.984721, 1.02654
6.10447, 1.01807, 0.982162, 1.02243
6.11447, 1.01982, 0.979392, 1.0188
6.12447, 1.02179, 0.977089, 1.01615
6.13447, 1.02373, 0.975824, 1.01482
6.14447, 1.02539, 0.97592, 1.0149
6.15447, 1.0266, 0.977373, 1.01623
6.16447, 1.02728, 0.979853, 1.0184
6.17447, 1.02745, 0.982789, 1.02086
6.18447, 1.02718, 0.985507, 1.02303
6.19447, 1.02657, 0.987386, 1.02443
6.20447, 1.02573, 0.987994, 1.02481
6.21447, 1.02473, 0.987164, 1.02414
6.22447, 1.02362, 0.985005, 1.02266
6.23447, 1.0224, 0.98185, 1.02076
6.24447, 1.02109, 0.978161, 1.01889
6.25447, 1.0197, 0.974426, 1.01746
6.26447, 1.01828, 0.971066, 1.01668
6.27447, 1.01694, 0.968391, 1.0166
