0, -nan
0.05, -nan
0.1, -nan
0.15, -nan
0.2, -nan
0.25, -nan
0.3, -nan
0.35, -nan
0.4, -nan
0.45, -nan
0.5, -nan
0.55, -nan
0.6, -nan
0.65, -nan
0.7, -nan
0.75, -nan
0.8, -nan
0.85, -nan
0.9, -nan
0.95, -nan
1, -nan
1.05, -nan
1.1, -nan
1.15, -nan
1.2, -nan
1.25, -nan
1.3, -nan
1.35, -nan
1.4, -nan
1.45, -nan
1.5, -nan
1.55, -nan
1.6, -nan
1.65, -nan
1.7, -nan
1.75, -nan
1.8, -nan
1.85, -nan
#1.9, 0.467662
#1.95, 0.684542
2, 1.06513
2.05, 0.96394
2.1, 0.930155
2.15, 1.0875
2.2, 0.813393
2.25, 0.993793
2.3, 0.913978
2.35, 0.940365
2.4, 0.958571
2.45, 0.983318
2.5, 0.911682
2.55, 0.9322
2.6, 0.937915
2.65, 0.878674
2.7, 0.908189
2.75, 0.915769
2.8, 0.894497
2.85, 0.899169
2.9, 0.893097
2.95, 0.876302
3, 0.912097
3.05, 0.86964
3.1, 0.875346
3.15, 0.857857
3.2, 0.881584
3.25, 0.874468
3.3, 0.897878
3.35, 0.860667
3.4, 0.853908
3.45, 0.924356
3.5, 0.844568
3.55, 0.87161
3.6, 0.816483
3.65, 0.834109
3.7, 0.911697
3.75, 0.832776
3.8, 0.862235
3.85, 0.818967
3.9, 0.869717
3.95, 0.812953
4, 0.844241
4.05, 0.817994
4.1, 0.84821
4.15, 0.852457
4.2, 0.772937
4.25, 0.802193
4.3, 0.802148
4.35, 0.823164
4.4, 0.806857
4.45, 0.816919
4.5, 0.819761
4.55, 0.7771
4.6, 0.790876
4.65, 0.782563
4.7, 0.80907
4.75, 0.760902
4.8, 0.774941
4.85, 0.756007
4.9, 0.734053
4.95, 0.73525
5, 0.756322
5.05, 0.719151
5.1, 0.745673
5.15, 0.738259
5.2, 0.760901
5.25, 0.729295
5.3, 0.761572
5.35, 0.70601
5.4, 0.729554
5.45, 0.695743
5.5, 0.697344
5.55, 0.724611
5.6, 0.722211
5.65, 0.722376
5.7, 0.682361
5.75, 0.676134
5.8, 0.677927
5.85, 0.650815
5.9, 0.702051
5.95, 0.685666
6, 0.658767
6.05, 0.67634
6.1, 0.676257
6.15, 0.649526
6.2, 0.662671
6.25, 0.672978
6.3, 0.654789
6.35, 0.623805
6.4, 0.64747
6.45, 0.643884
6.5, 0.601251
6.55, 0.623078
6.6, 0.623769
6.65, 0.616196
6.7, 0.59916
6.75, 0.596795
6.8, 0.58306
6.85, 0.613498
6.9, 0.594481
6.95, 0.582553
7, 0.593539
7.05, 0.567253
7.1, 0.548214
7.15, 0.566826
7.2, 0.556332
7.25, 0.54856
7.3, 0.562426
7.35, 0.559759
7.4, 0.547229
7.45, 0.546038
7.5, 0.519792
7.55, 0.502564
7.6, 0.517333
7.65, 0.521268
7.7, 0.53147
7.75, 0.512392
7.8, 0.509838
7.85, 0.503072
7.9, 0.520337
7.95, 0.49207
8, 0.489649
8.05, 0.502703
8.1, 0.487284
8.15, 0.48017
8.2, 0.4841
8.25, 0.463693
8.3, 0.45149
8.35, 0.464404
8.4, 0.456196
8.45, 0.45963
8.5, 0.46568
8.55, 0.454543
8.6, 0.456998
8.65, 0.440013
8.7, 0.453821
8.75, 0.425845
8.8, 0.431082
8.85, 0.423262
8.9, 0.427367
8.95, 0.427023
9, 0.412882
9.05, 0.429988
9.1, 0.404839
9.15, 0.402461
9.2, 0.404988
9.25, 0.411902
9.3, 0.387359
9.35, 0.397567
9.4, 0.393711
9.45, 0.372279
9.5, 0.365918
9.55, 0.387775
9.6, 0.37384
9.65, 0.373897
9.7, 0.365156
9.75, 0.364259
9.8, 0.347396
9.85, 0.355025
9.9, 0.356367
9.95, 0.346699
10, 0.352482
10.05, 0.354598
10.1, 0.346123
10.15, 0.342794
10.2, 0.326807
10.25, 0.337993
10.3, 0.334786
10.35, 0.332384
10.4, 0.324205
10.45, 0.333137
10.5, 0.332156
10.55, 0.321751
10.6, 0.320507
10.65, 0.297897
10.7, 0.311126
10.75, 0.326141
10.8, 0.304812
10.85, 0.299013
10.9, 0.285186
10.95, 0.298109
11, 0.294065
11.05, 0.297959
11.1, 0.292322
11.15, 0.287154
11.2, 0.280797
11.25, 0.28385
11.3, 0.274591
11.35, 0.282996
11.4, 0.276055
11.45, 0.264749
11.5, 0.265244
11.55, 0.262633
11.6, 0.264799
11.65, 0.274265
11.7, 0.255656
11.75, 0.250475
11.8, 0.259811
11.85, 0.246017
11.9, 0.247529
11.95, 0.248773
12, 0.261972
12.05, 0.2472
12.1, 0.23508
12.15, 0.239931
12.2, 0.246835
12.25, 0.246932
12.3, 0.253164
12.35, 0.218788
12.4, 0.234826
12.45, 0.231192
12.5, 0.224062
12.55, 0.226765
12.6, 0.22019
12.65, 0.217505
12.7, 0.219181
12.75, 0.210599
12.8, 0.223072
12.85, 0.214898
12.9, 0.206234
12.95, 0.211175
13, 0.205125
13.05, 0.206707
13.1, 0.197033
13.15, 0.188203
13.2, 0.196491
13.25, 0.197357
13.3, 0.189885
13.35, 0.208771
13.4, 0.201863
13.45, 0.193443
13.5, 0.180075
13.55, 0.184228
13.6, 0.182031
13.65, 0.201326
13.7, 0.188842
13.75, 0.171001
13.8, 0.178748
13.85, 0.179457
13.9, 0.186964
13.95, 0.174616
14, 0.178394
14.05, 0.182274
14.1, 0.174954
14.15, 0.171718
14.2, 0.176713
14.25, 0.173259
14.3, 0.169831
14.35, 0.165892
14.4, 0.155395
14.45, 0.173806
14.5, 0.164838
14.55, 0.16565
14.6, 0.158516
14.65, 0.147659
14.7, 0.155
14.75, 0.162961
14.8, 0.149137
14.85, 0.161701
14.9, 0.154309
14.95, 0.151503
15, 0.149841
15.05, 0.153207
15.1, 0.142693
15.15, 0.145751
15.2, 0.131023
15.25, 0.138638
15.3, 0.133932
15.35, 0.139945
15.4, 0.1407
15.45, 0.130571
15.5, 0.135022
15.55, 0.129796
15.6, 0.136041
15.65, 0.137049
15.7, 0.12815
15.75, 0.132914
15.8, 0.124791
15.85, 0.124392
15.9, 0.141459
15.95, 0.12975
16, 0.129367
16.05, 0.121828
16.1, 0.131457
16.15, 0.114371
16.2, 0.121696
16.25, 0.123996
16.3, 0.12493
16.35, 0.126126
16.4, 0.11811
16.45, 0.123096
16.5, 0.112276
16.55, 0.113859
16.6, 0.108949
16.65, 0.111993
16.7, 0.116241
16.75, 0.105905
16.8, 0.115604
16.85, 0.112431
16.9, 0.0996369
16.95, 0.102462
17, 0.100651
17.05, 0.099218
17.1, 0.109457
17.15, 0.0985776
17.2, 0.0993121
17.25, 0.102121
17.3, 0.104361
17.35, 0.0902686
17.4, 0.0969127
17.45, 0.0923333
17.5, 0.0972492
17.55, 0.087374
17.6, 0.0903845
17.65, 0.0927579
17.7, 0.0876742
17.75, 0.0851876
17.8, 0.0884812
17.85, 0.0860981
17.9, 0.0864629
17.95, 0.082091
18, 0.0778102
18.05, 0.0841632
18.1, 0.0848579
18.15, 0.083477
18.2, 0.0821382
18.25, 0.0789537
18.3, 0.0827098
18.35, 0.0812511
18.4, 0.0772822
18.45, 0.0767609
18.5, 0.0720512
18.55, 0.0759389
18.6, 0.0814141
18.65, 0.0683108
18.7, 0.0735452
18.75, 0.0740542
18.8, 0.0702099
18.85, 0.0730173
18.9, 0.0715816
18.95, 0.0645379
19, 0.0690131
19.05, 0.0650377
19.1, 0.0758095
19.15, 0.0632039
19.2, 0.0632303
19.25, 0.0637101
19.3, 0.0720987
19.35, 0.0587348
19.4, 0.0568922
19.45, 0.0643683
19.5, 0.0563598
19.55, 0.0620179
19.6, 0.0591642
19.65, 0.061757
19.7, 0.0545804
19.75, 0.0579332
19.8, 0.0471949
19.85, 0.0566967
19.9, 0.059916
19.95, 0.0505203
20, 0.0542337
20.05, 0.0477424
20.1, 0.0457501
20.15, 0.050689
20.2, 0.052344
20.25, 0.0426912
20.3, 0.0497722
20.35, 0.0509933
20.4, 0.0492242
20.45, 0.0533734
20.5, 0.0500911
20.55, 0.0453231
20.6, 0.0436762
20.65, 0.0417277
20.7, 0.042995
20.75, 0.0431743
20.8, 0.0437685
20.85, 0.04632
20.9, 0.043321
20.95, 0.0456093
21, 0.0399599
21.05, 0.0406925
21.1, 0.0376379
21.15, 0.0341986
21.2, 0.0358375
21.25, 0.030268
21.3, 0.0417474
21.35, 0.0371783
21.4, 0.0386137
21.45, 0.0345533
21.5, 0.0339699
21.55, 0.0334856
21.6, 0.034082
21.65, 0.0309504
21.7, 0.0331762
21.75, 0.032127
21.8, 0.0248357
21.85, 0.0254577
21.9, 0.0254944
21.95, 0.0286145
22, 0.031037
22.05, 0.0295336
22.1, 0.0304328
22.15, 0.0324408
22.2, 0.0286504
22.25, 0.0286934
22.3, 0.0220282
22.35, 0.0304913
22.4, 0.024229
22.45, 0.0236791
22.5, 0.0263213
22.55, 0.0199194
22.6, 0.0182775
22.65, 0.0251451
22.7, 0.0234866
22.75, 0.0230616
22.8, 0.0207169
22.85, 0.0268383
22.9, 0.0258564
22.95, 0.0218303
23, 0.0243746
23.05, 0.0140015
23.1, 0.0123827
23.15, 0.012959
23.2, 0.013971
23.25, 0.024489
23.3, 0.0181506
23.35, 0.0133024
23.4, 0.0153152
23.45, 0.0176343
23.5, 0.013446
23.55, 0.010916
23.6, 0.0153295
23.65, 0.0165685
23.7, 0.00865708
23.75, 0.00874424
23.8, 0.013679
23.85, 0.00900048
23.9, 0.0115866
23.95, 0.0165141
24, 0.0151197
24.05, 0.00608494
24.1, 0.013507
24.15, 0.0120608
24.2, 0.00872922
24.25, 0.0141605
24.3, 0.0042169
24.35, 0.00925856
24.4, 0.0148397
24.45, 0.00677313
24.5, 0.00418561
24.55, 0.00679963
24.6, 0.0041703
24.65, 0.00920179
24.7, 0.00607456
24.75, 0.00728366
24.8, 0.00257884
24.85, 0.00736583
24.9, 0.00568641
24.95, 0.00815626
25, 0.00472555
25.05, -0.000763394
25.1, -0.000943247
25.15, -0.00163556
25.2, -0.000672636
25.25, 0.00699732
25.3, 0.00642905
25.35, 0.0019472
25.4, -0.000962046
25.45, -0.00173134
25.5, 0.000189753
25.55, -0.00119785
25.6, 0.00177179
25.65, 0.00114872
25.7, -0.000170405
25.75, 0.00131167
25.8, 9.17624e-05
25.85, 0.0018259
25.9, -0.00271992
25.95, 0.000891238
26, -6.01852e-05
26.05, -0.00757353
26.1, 0.000472924
26.15, -0.0038221
26.2, -0.00266189
26.25, -0.00363167
26.3, -0.00165757
26.35, -0.00363062
26.4, -0.00658106
26.45, -0.0047171
26.5, -0.000563666
26.55, -0.00492052
26.6, -0.00224814
26.65, -0.00647844
26.7, -0.00975849
26.75, -0.00594376
26.8, -0.00475111
26.85, -0.00666914
26.9, -0.00768582
26.95, -0.0133884
27, -0.0111389
27.05, -0.0128202
27.1, -0.0090898
27.15, -0.0138664
27.2, -0.00766175
27.25, -0.00659057
27.3, -0.00775057
27.35, -0.00545705
27.4, -0.0101392
27.45, -0.0155861
27.5, -0.00882525
27.55, -0.0102378
27.6, -0.00941069
27.65, -0.00799659
27.7, -0.0101513
27.75, -0.0120774
27.8, -0.0123295
27.85, -0.0111603
27.9, -0.0109006
27.95, -0.0122575
28, -0.0116598
28.05, -0.0131337
28.1, -0.0166968
28.15, -0.016815
28.2, -0.0133795
28.25, -0.0145923
28.3, -0.0158359
28.35, -0.0103505
28.4, -0.0162708
28.45, -0.0125732
28.5, -0.01522
28.55, -0.0181069
28.6, -0.0147313
28.65, -0.0199388
28.7, -0.0171271
28.75, -0.0116755
28.8, -0.0158711
28.85, -0.0175901
28.9, -0.0209275
28.95, -0.0182675
29, -0.014333
29.05, -0.016597
29.1, -0.0190693
29.15, -0.0230207
29.2, -0.0191193
29.25, -0.0161643
29.3, -0.018305
29.35, -0.0209674
29.4, -0.015811
29.45, -0.0226937
29.5, -0.0179648
29.55, -0.0187765
29.6, -0.0212684
29.65, -0.0215228
29.7, -0.0196446
29.75, -0.0178743
29.8, -0.0178196
29.85, -0.0211692
29.9, -0.0221457
29.95, -0.0211239
30, -0.0210516
30.05, -0.0206234
30.1, -0.0221117
30.15, -0.0214011
30.2, -0.0210823
30.25, -0.0202754
30.3, -0.0202856
30.35, -0.0270638
30.4, -0.0232318
30.45, -0.0236042
30.5, -0.0234801
30.55, -0.0199795
30.6, -0.0253779
30.65, -0.0235489
30.7, -0.0247585
30.75, -0.0214842
30.8, -0.0212353
30.85, -0.027252
30.9, -0.0212732
30.95, -0.0262579
31, -0.0253062
31.05, -0.0262263
31.1, -0.0225898
31.15, -0.0219324
31.2, -0.0236019
31.25, -0.0240486
31.3, -0.0226168
31.35, -0.0239046
31.4, -0.0279803
31.45, -0.023134
31.5, -0.0251373
31.55, -0.0249767
31.6, -0.0250162
31.65, -0.0265507
31.7, -0.0256963
31.75, -0.0288335
31.8, -0.0301891
31.85, -0.0298726
31.9, -0.025914
31.95, -0.025129
32, -0.0294638
32.05, -0.0263601
32.1, -0.0234712
32.15, -0.0284223
32.2, -0.0251941
32.25, -0.0249421
32.3, -0.0252074
32.35, -0.027726
32.4, -0.0286024
32.45, -0.0287424
32.5, -0.0289278
32.55, -0.0263993
32.6, -0.0311907
32.65, -0.0301651
32.7, -0.0265751
32.75, -0.0326423
32.8, -0.0270028
32.85, -0.0264919
32.9, -0.0267242
32.95, -0.0247734
33, -0.0288807
33.05, -0.0299079
33.1, -0.0249348
33.15, -0.0274178
33.2, -0.0306163
33.25, -0.0307722
33.3, -0.0253653
33.35, -0.0262641
33.4, -0.0295409
33.45, -0.0300269
33.5, -0.0297904
33.55, -0.0282032
33.6, -0.0301021
33.65, -0.0282335
33.7, -0.0291883
33.75, -0.0277616
33.8, -0.027895
33.85, -0.0269641
33.9, -0.0283079
33.95, -0.0281735
34, -0.0296378
34.05, -0.0279669
34.1, -0.0295234
34.15, -0.029803
34.2, -0.0265722
34.25, -0.0276588
34.3, -0.0362462
34.35, -0.0262879
34.4, -0.0315696
34.45, -0.0278944
34.5, -0.0319021
34.55, -0.0282533
34.6, -0.0291313
34.65, -0.0301728
34.7, -0.0295968
34.75, -0.0310755
34.8, -0.0295533
34.85, -0.0317047
34.9, -0.0310626
34.95, -0.0314759
35, -0.0323951
35.05, -0.0300186
35.1, -0.0278362
35.15, -0.0312382
35.2, -0.0326033
35.25, -0.0281189
35.3, -0.0297414
35.35, -0.0311988
35.4, -0.0286181
35.45, -0.0283745
35.5, -0.0303372
35.55, -0.0291412
35.6, -0.0298407
35.65, -0.0290061
35.7, -0.0298135
35.75, -0.0300021
35.8, -0.0290207
35.85, -0.0285126
35.9, -0.032017
35.95, -0.0299689
36, -0.033191
36.05, -0.0310917
36.1, -0.033608
36.15, -0.0298694
36.2, -0.0321755
36.25, -0.0281388
36.3, -0.0285777
36.35, -0.0271948
36.4, -0.0316438
36.45, -0.0277835
36.5, -0.0332342
36.55, -0.0311494
36.6, -0.0326704
36.65, -0.0336212
36.7, -0.028995
36.75, -0.034169
36.8, -0.0287883
36.85, -0.0305866
36.9, -0.0281719
36.95, -0.0324313
37, -0.0330945
37.05, -0.0293211
37.1, -0.0338294
37.15, -0.0298609
37.2, -0.030445
37.25, -0.0333704
37.3, -0.0328873
37.35, -0.0291986
37.4, -0.0303217
37.45, -0.0303915
37.5, -0.0335674
37.55, -0.0314219
37.6, -0.0269222
37.65, -0.0332056
37.7, -0.0275691
37.75, -0.0294348
37.8, -0.0307562
37.85, -0.03159
37.9, -0.0302505
37.95, -0.0329267
38, -0.0304234
38.05, -0.0291435
38.1, -0.0297659
38.15, -0.0315694
38.2, -0.03056
38.25, -0.0324819
38.3, -0.0311675
38.35, -0.0296551
38.4, -0.0301771
38.45, -0.031051
38.5, -0.0279267
38.55, -0.0305394
38.6, -0.0303328
38.65, -0.0305713
38.7, -0.0303426
38.75, -0.0313435
38.8, -0.0313807
38.85, -0.0282671
38.9, -0.0298573
38.95, -0.0312945
39, -0.0269687
39.05, -0.031304
39.1, -0.0266758
39.15, -0.0276873
39.2, -0.0278678
39.25, -0.028837
39.3, -0.0271531
39.35, -0.0320686
39.4, -0.0295484
39.45, -0.0306009
39.5, -0.0275327
39.55, -0.0326266
39.6, -0.0305803
39.65, -0.0277089
39.7, -0.0325637
39.75, -0.0285312
39.8, -0.0310879
39.85, -0.0272843
39.9, -0.0284055
39.95, -0.0311991
40, -0.0284607
40.05, -0.0287185
40.1, -0.0296125
40.15, -0.030429
40.2, -0.0280681
40.25, -0.0281288
40.3, -0.028846
40.35, -0.0248816
40.4, -0.0321712
40.45, -0.0284038
40.5, -0.029854
40.55, -0.028992
40.6, -0.0292631
40.65, -0.0279801
40.7, -0.0298311
40.75, -0.0306081
40.8, -0.0319507
40.85, -0.028448
40.9, -0.0317485
40.95, -0.0276326
41, -0.0276248
41.05, -0.0302443
41.1, -0.0251999
41.15, -0.0257816
41.2, -0.0306345
41.25, -0.0293193
41.3, -0.0253734
41.35, -0.0272196
41.4, -0.0264656
41.45, -0.02825
41.5, -0.0274549
41.55, -0.0302504
41.6, -0.0297475
41.65, -0.0294726
41.7, -0.0301945
41.75, -0.0261222
41.8, -0.0273466
41.85, -0.0303373
41.9, -0.0257946
41.95, -0.0279783
42, -0.0276028
42.05, -0.0281309
42.1, -0.0267347
42.15, -0.0262999
42.2, -0.0277751
42.25, -0.0251114
42.3, -0.0272182
42.35, -0.0278454
42.4, -0.0275184
42.45, -0.0242511
42.5, -0.0257844
42.55, -0.0232682
42.6, -0.0243673
42.65, -0.0249552
42.7, -0.0285283
42.75, -0.0227982
42.8, -0.0250067
42.85, -0.0269428
42.9, -0.0248487
42.95, -0.0265567
43, -0.0202314
43.05, -0.0237745
43.1, -0.0249304
43.15, -0.0263799
43.2, -0.0233184
43.25, -0.0223531
43.3, -0.0250044
43.35, -0.0235983
43.4, -0.0269851
43.45, -0.0228806
43.5, -0.022758
43.55, -0.0245825
43.6, -0.0212255
43.65, -0.0257573
43.7, -0.0259972
43.75, -0.0244329
43.8, -0.0258842
43.85, -0.0275103
43.9, -0.0226004
43.95, -0.0224975
44, -0.0218577
44.05, -0.0249492
44.1, -0.0249753
44.15, -0.0283289
44.2, -0.0265245
44.25, -0.0225643
44.3, -0.0233548
44.35, -0.0240224
44.4, -0.0268103
44.45, -0.0244767
44.5, -0.0230368
44.55, -0.0244046
44.6, -0.0229442
44.65, -0.0221952
44.7, -0.0246193
44.75, -0.0207204
44.8, -0.0249484
44.85, -0.0238091
44.9, -0.026846
44.95, -0.0234002
45, -0.0250087
45.05, -0.0234916
45.1, -0.0220034
45.15, -0.0200938
45.2, -0.0215863
45.25, -0.0231406
45.3, -0.0202481
45.35, -0.0189132
45.4, -0.0219978
45.45, -0.023953
45.5, -0.0243079
45.55, -0.0173197
45.6, -0.0211793
45.65, -0.0220644
45.7, -0.0212753
45.75, -0.0209069
45.8, -0.0218323
45.85, -0.0186201
45.9, -0.0199566
45.95, -0.0184874
46, -0.0222419
46.05, -0.0236456
46.1, -0.0199157
46.15, -0.0196272
46.2, -0.0180578
46.25, -0.0240596
46.3, -0.0165068
46.35, -0.0184427
46.4, -0.0167209
46.45, -0.0201963
46.5, -0.0211821
46.55, -0.0155597
46.6, -0.0189372
46.65, -0.0209135
46.7, -0.0214344
46.75, -0.0200122
46.8, -0.0154719
46.85, -0.0185031
46.9, -0.0216133
46.95, -0.0160452
47, -0.0194845
47.05, -0.0173901
47.1, -0.0184187
47.15, -0.0190902
47.2, -0.017557
47.25, -0.0178491
47.3, -0.0192887
47.35, -0.0193954
47.4, -0.0137829
47.45, -0.0160791
47.5, -0.0143883
47.55, -0.015203
47.6, -0.0160709
47.65, -0.0160272
47.7, -0.015402
47.75, -0.0170882
47.8, -0.0157177
47.85, -0.0102522
47.9, -0.0152022
47.95, -0.0156458
48, -0.0179179
48.05, -0.0147508
48.1, -0.0126683
48.15, -0.0149252
48.2, -0.0123917
48.25, -0.0163044
48.3, -0.0118026
48.35, -0.0110613
48.4, -0.0115574
48.45, -0.0152101
48.5, -0.0151708
48.55, -0.0170191
48.6, -0.0112993
48.65, -0.0123631
48.7, -0.011831
48.75, -0.0117855
48.8, -0.0125567
48.85, -0.0117636
48.9, -0.0105625
48.95, -0.0132193
49, -0.0110446
49.05, -0.0114312
49.1, -0.0107428
49.15, -0.010531
49.2, -0.0113472
49.25, -0.00835581
49.3, -0.0119371
49.35, -0.0112818
49.4, -0.0104304
49.45, -0.00879121
49.5, -0.00848685
49.55, -0.0118958
49.6, -0.00951813
49.65, -0.00718166
49.7, -0.0101702
49.75, -0.00738509
49.8, -0.0115589
49.85, -0.00505777
49.9, -0.00714305
49.95, -0.00949173
50, -0.00628683
50.05, -0.00683735
50.1, -0.00314078
50.15, -0.00885108
50.2, -0.00601162
50.25, -0.0089885
50.3, -0.00629995
50.35, -0.000268522
50.4, -0.00501751
50.45, -0.00125549
50.5, -0.00780718
50.55, -0.00407636
50.6, -0.00507967
50.65, -0.00387319
50.7, -0.00244804
50.75, -0.000358858
50.8, -0.00432638
50.85, -0.00394048
50.9, -0.00212159
50.95, -0.00231597
51, -0.00365429
51.05, 0.000949345
51.1, -0.00186624
51.15, -0.00277303
51.2, 0.00306946
51.25, -0.000968435
51.3, -0.00286176
51.35, -0.00291537
51.4, -0.00361382
51.45, 0.0022721
51.5, 0.00236812
51.55, 0.000389898
51.6, 7.08456e-05
51.65, -0.000182206
51.7, 0.000339851
51.75, 0.00249901
51.8, 0.000570105
51.85, 0.000829421
51.9, 0.00058125
51.95, 0.00103635
52, 0.00261019
52.05, 0.00428166
52.1, 0.00440854
52.15, 0.00118304
52.2, 0.0121944
52.25, 0.00302819
52.3, 0.00356053
52.35, 0.00374043
52.4, 0.00588697
52.45, 0.00851503
52.5, 0.00516652
52.55, 0.00628867
52.6, 0.00434821
52.65, 0.00488204
52.7, 0.0046473
52.75, 0.00904905
52.8, 0.0100057
52.85, 0.00849535
52.9, 0.00653111
52.95, 0.00638688
53, 0.00909112
53.05, 0.00347818
53.1, 0.0062109
53.15, 0.0126376
53.2, 0.00660641
53.25, 0.00921968
53.3, 0.006968
53.35, 0.00882133
53.4, 0.0127763
53.45, 0.00787497
53.5, 0.00969979
53.55, 0.0103059
53.6, 0.00888607
53.65, 0.00805459
53.7, 0.0135383
53.75, 0.0109666
53.8, 0.0128205
53.85, 0.0103585
53.9, 0.0120516
53.95, 0.0139607
54, 0.0118709
54.05, 0.0102103
54.1, 0.0104827
54.15, 0.014939
54.2, 0.0166717
54.25, 0.0177305
54.3, 0.0151595
54.35, 0.0192167
54.4, 0.0169745
54.45, 0.0097949
54.5, 0.0117227
54.55, 0.0175533
54.6, 0.0178819
54.65, 0.0175625
54.7, 0.0143517
54.75, 0.0119203
54.8, 0.0171346
54.85, 0.0157607
54.9, 0.0139839
54.95, 0.0199513
55, 0.0195062
55.05, 0.0157653
55.1, 0.0169887
55.15, 0.0180532
55.2, 0.0139557
55.25, 0.0209685
55.3, 0.022606
55.35, 0.0220451
55.4, 0.0213832
55.45, 0.019301
55.5, 0.0180223
55.55, 0.0200246
55.6, 0.0228061
55.65, 0.021166
55.7, 0.0197671
55.75, 0.0192246
55.8, 0.0272911
55.85, 0.0240007
55.9, 0.0269764
55.95, 0.0176375
56, 0.0217718
56.05, 0.0251164
56.1, 0.0206497
56.15, 0.026682
56.2, 0.0265006
56.25, 0.0297392
56.3, 0.024531
56.35, 0.0271738
56.4, 0.0243516
56.45, 0.0251687
56.5, 0.0284014
56.55, 0.0270006
56.6, 0.0241955
56.65, 0.0277475
56.7, 0.0262058
56.75, 0.0319988
56.8, 0.0248884
56.85, 0.0315072
56.9, 0.027654
56.95, 0.0299573
57, 0.0280616
57.05, 0.0261382
57.1, 0.0309523
57.15, 0.0298483
57.2, 0.0353255
57.25, 0.031155
57.3, 0.0286559
57.35, 0.0300245
57.4, 0.0294779
57.45, 0.031434
57.5, 0.0323098
57.55, 0.0297137
57.6, 0.0296845
57.65, 0.0282857
57.7, 0.0371782
57.75, 0.0268289
57.8, 0.0321718
57.85, 0.0344699
57.9, 0.0337603
57.95, 0.033597
58, 0.0300146
58.05, 0.0355601
58.1, 0.0375395
58.15, 0.0370255
58.2, 0.0335623
58.25, 0.0357169
58.3, 0.0326524
58.35, 0.038244
58.4, 0.0392999
58.45, 0.0334323
58.5, 0.0398272
58.55, 0.0409122
58.6, 0.0392169
58.65, 0.0376879
58.7, 0.0408091
58.75, 0.0393388
58.8, 0.0446434
58.85, 0.0392159
58.9, 0.0426234
58.95, 0.0394317
59, 0.0467927
59.05, 0.0361622
59.1, 0.0481959
59.15, 0.0408681
59.2, 0.0406703
59.25, 0.0444365
59.3, 0.0387884
59.35, 0.0475134
59.4, 0.044814
59.45, 0.0364172
59.5, 0.045983
59.55, 0.0428806
59.6, 0.0362897
59.65, 0.0501917
59.7, 0.0396962
59.75, 0.0472119
59.8, 0.0424279
59.85, 0.0476154
59.9, 0.0432497
59.95, 0.0479733
60, 0.0373753
60.05, 0.0512337
60.1, 0.0439968
60.15, 0.0543192
60.2, 0.0490826
60.25, 0.0501866
60.3, 0.0540735
60.35, 0.0567097
60.4, 0.0485381
60.45, 0.0490851
60.5, 0.0453271
60.55, 0.0560551
60.6, 0.0401206
60.65, 0.0504853
60.7, 0.0550703
60.75, 0.0491875
60.8, 0.04807
60.85, 0.0472725
60.9, 0.051098
60.95, 0.0490529
61, 0.0515606
61.05, 0.0585804
61.1, 0.0525694
61.15, 0.0515357
61.2, 0.0536207
61.25, 0.0571523
61.3, 0.0491182
61.35, 0.0489596
61.4, 0.0504116
61.45, 0.0545553
61.5, 0.0581919
61.55, 0.0577148
61.6, 0.062164
61.65, 0.0569757
61.7, 0.052206
61.75, 0.0460265
61.8, 0.054606
61.85, 0.0576715
61.9, 0.0657535
61.95, 0.0610248
62, 0.0609106
62.05, 0.0609784
62.1, 0.0601331
62.15, 0.0696796
62.2, 0.071845
62.25, 0.050289
62.3, 0.0693342
62.35, 0.0572624
62.4, 0.0599896
62.45, 0.0595161
62.5, 0.0632286
62.55, 0.0601218
62.6, 0.0615277
62.65, 0.0602375
62.7, 0.0613665
62.75, 0.0655382
62.8, 0.0594331
62.85, 0.0584179
62.9, 0.058018
62.95, 0.0579301
63, 0.0632364
63.05, 0.0619901
63.1, 0.0621906
63.15, 0.0716112
63.2, 0.062293
63.25, 0.0609434
63.3, 0.0667913
63.35, 0.0704778
63.4, 0.0612232
63.45, 0.0641192
63.5, 0.0636187
63.55, 0.0631436
63.6, 0.0623757
63.65, 0.06098
63.7, 0.0603015
63.75, 0.0549719
63.8, 0.0676644
63.85, 0.0552862
63.9, 0.0615053
63.95, 0.070279
64, 0.0623366
64.05, 0.06789
64.1, 0.0675139
64.15, 0.0607935
64.2, 0.0732269
64.25, 0.0709705
64.3, 0.0651491
64.35, 0.0548768
64.4, 0.0644088
64.45, 0.0818025
64.5, 0.0622173
64.55, 0.0506304
64.6, 0.0522593
64.65, 0.059739
64.7, 0.0782725
64.75, 0.0595499
64.8, 0.0622582
64.85, 0.0582404
64.9, 0.0578858
64.95, 0.0827796
65, 0.0689503
65.05, 0.0787337
65.1, 0.0709391
65.15, 0.0899701
65.2, 0.060798
65.25, 0.0665116
65.3, 0.0753788
65.35, 0.0747567
65.4, 0.0739528
65.45, 0.0869629
65.5, 0.0846322
65.55, 0.0879688
65.6, 0.0627576
65.65, 0.0769563
65.7, 0.0728239
65.75, 0.0677165
65.8, 0.0769276
65.85, 0.0681816
65.9, 0.0791553
65.95, 0.0734532
66, 0.0763566
66.05, 0.0664611
66.1, 0.0902764
66.15, 0.0749342
66.2, 0.0824921
66.25, 0.0831629
66.3, 0.0564022
66.35, 0.0751126
66.4, 0.105301
66.45, 0.0918139
66.5, 0.075045
66.55, 0.0752006
66.6, 0.0827009
66.65, 0.0960567
66.7, 0.0674558
66.75, 0.0564143
66.8, 0.0730927
66.85, 0.0962505
66.9, 0.0544168
66.95, 0.0782212
67, 0.0708554
67.05, 0.075013
67.1, 0.0984532
67.15, 0.0816925
67.2, 0.0899839
67.25, 0.0707
67.3, 0.0729207
67.35, 0.0805932
67.4, 0.101484
67.45, 0.0394367
67.5, 0.0623257
67.55, 0.0978455
67.6, 0.0823874
67.65, 0.102023
67.7, 0.100504
67.75, 0.0910555
67.8, 0.0979405
67.85, 0.0791447
67.9, 0.111297
67.95, 0.0896501
68, 0.105052
68.05, 0.04747
68.1, 0.0789241
68.15, 0.0994819
68.2, 0.0735583
68.25, 0.0852242
68.3, 0.0826288
68.35, 0.054318
68.4, 0.0926571
68.45, 0.0709579
68.5, 0.084099
68.55, 0.104821
68.6, 0.072832
68.65, 0.0905145
68.7, 0.0730939
68.75, 0.0853017
68.8, 0.0823401
68.85, 0.132477
68.9, 0.0838818
68.95, 0.12881
69, 0.0891317
69.05, 0.107312
69.1, 0.0686425
69.15, 0.0899898
69.2, 0.0848929
69.25, 0.0972401
69.3, 0.0334293
69.35, 0.0787386
69.4, 0.0732485
69.45, 0.136093
69.5, 0.0364067
69.55, 0.0912655
69.6, 0.165039
69.65, 0.100463
69.7, 0.170945
69.75, 0.112855
69.8, 0.131854
69.85, 0.146353
69.9, 0.145693
69.95, 0.0369351
70, 0.10564
70.05, 0.00695724
70.1, 0.0389391
70.15, 0.144944
70.2, 0.0871321
70.25, 0.141726
70.3, 0.113376
70.35, 0.140287
70.4, 0.0110912
70.45, 0.105482
70.5, -0.0632024
70.55, 0.0465598
70.6, 0.0643566
70.65, 0.0821832
70.7, 0.0623498
70.75, 0.057155
70.8, -0.358033
70.85, 0.0300013
70.9, 0.377348
70.95, 0.046783
71, -0.185263
71.05, 0.103253
71.1, -0.0962701
71.15, 0.370496
71.2, -0.449429
71.25, -nan
71.3, -nan
71.35, -nan
71.4, -nan
71.45, -nan
71.5, -nan
71.55, -nan
71.6, -nan
71.65, -nan
71.7, -nan
71.75, -nan
71.8, -nan
71.85, -nan
71.9, -nan
71.95, -nan
72, -nan
72.05, -nan
72.1, -nan
72.15, -nan
72.2, -nan
72.25, -nan
72.3, -nan
72.35, -nan
72.4, -nan
72.45, -nan
72.5, -nan
72.55, -nan
72.6, -nan
72.65, -nan
72.7, -nan
72.75, -nan
72.8, -nan
72.85, -nan
72.9, -nan
72.95, -nan
73, -nan
73.05, -nan
73.1, -nan
73.15, -nan
73.2, -nan
73.25, -nan
73.3, -nan
73.35, -nan
73.4, -nan
73.45, -nan
73.5, -nan
73.55, -nan
73.6, -nan
73.65, -nan
73.7, -nan
73.75, -nan
73.8, -nan
73.85, -nan
73.9, -nan
73.95, -nan
74, -nan
74.05, -nan
74.1, -nan
74.15, -nan
74.2, -nan
74.25, -nan
74.3, -nan
74.35, -nan
74.4, -nan
74.45, -nan
74.5, -nan
74.55, -nan
74.6, -nan
74.65, -nan
74.7, -nan
74.75, -nan
74.8, -nan
74.85, -nan
74.9, -nan
74.95, -nan
75, -nan
75.05, -nan
75.1, -nan
75.15, -nan
75.2, -nan
75.25, -nan
75.3, -nan
75.35, -nan
75.4, -nan
75.45, -nan
75.5, -nan
75.55, -nan
75.6, -nan
75.65, -nan
75.7, -nan
75.75, -nan
75.8, -nan
75.85, -nan
75.9, -nan
75.95, -nan
76, -nan
76.05, -nan
76.1, -nan
76.15, -nan
76.2, -nan
76.25, -nan
76.3, -nan
76.35, -nan
