0, -nan
0.05, -nan
0.1, -nan
0.15, -nan
0.2, -nan
0.25, -nan
0.3, -nan
0.35, -nan
0.4, -nan
0.45, -nan
0.5, -nan
0.55, -nan
0.6, -nan
0.65, -nan
0.7, -nan
0.75, -nan
0.8, -nan
0.85, -nan
0.9, -nan
0.95, -nan
1, -nan
1.05, -nan
1.1, -nan
1.15, -nan
1.2, -nan
1.25, -nan
1.3, -nan
1.35, -nan
1.4, -nan
1.45, -nan
1.5, -nan
1.55, -nan
1.6, -nan
1.65, -nan
1.7, -nan
1.75, -nan
1.8, -nan
1.85, -nan
#1.9, 0.456094
#1.95, 0.712726
2, 0.944235
2.05, 0.920507
2.1, 0.973043
2.15, 1.05279
2.2, 0.698636
2.25, 0.931372
2.3, 0.910501
2.35, 0.963875
2.4, 0.929849
2.45, 0.885607
2.5, 0.919243
2.55, 0.839538
2.6, 0.825266
2.65, 0.939886
2.7, 0.844391
2.75, 0.836799
2.8, 0.797217
2.85, 0.860816
2.9, 0.840109
2.95, 0.791957
3, 0.818059
3.05, 0.800672
3.1, 0.798441
3.15, 0.817865
3.2, 0.816808
3.25, 0.809369
3.3, 0.767449
3.35, 0.776367
3.4, 0.782697
3.45, 0.80777
3.5, 0.769976
3.55, 0.788607
3.6, 0.757446
3.65, 0.735658
3.7, 0.764734
3.75, 0.756197
3.8, 0.712652
3.85, 0.750329
3.9, 0.741647
3.95, 0.708119
4, 0.713143
4.05, 0.718343
4.1, 0.736182
4.15, 0.697947
4.2, 0.683196
4.25, 0.679111
4.3, 0.668441
4.35, 0.692784
4.4, 0.698015
4.45, 0.693718
4.5, 0.679445
4.55, 0.656628
4.6, 0.641685
4.65, 0.603083
4.7, 0.638286
4.75, 0.583525
4.8, 0.620772
4.85, 0.585555
4.9, 0.563997
4.95, 0.569033
5, 0.560262
5.05, 0.576943
5.1, 0.575716
5.15, 0.557778
5.2, 0.560957
5.25, 0.539509
5.3, 0.54492
5.35, 0.551696
5.4, 0.53494
5.45, 0.535527
5.5, 0.512655
5.55, 0.507515
5.6, 0.511166
5.65, 0.500056
5.7, 0.488258
5.75, 0.498659
5.8, 0.493951
5.85, 0.49725
5.9, 0.455538
5.95, 0.460882
6, 0.445377
6.05, 0.462054
6.1, 0.476169
6.15, 0.443365
6.2, 0.439212
6.25, 0.439319
6.3, 0.419518
6.35, 0.406453
6.4, 0.427859
6.45, 0.403059
6.5, 0.431125
6.55, 0.40525
6.6, 0.407162
6.65, 0.382537
6.7, 0.358239
6.75, 0.38954
6.8, 0.37284
6.85, 0.38204
6.9, 0.340149
6.95, 0.359193
7, 0.364075
7.05, 0.368961
7.1, 0.336222
7.15, 0.339277
7.2, 0.336716
7.25, 0.313407
7.3, 0.316445
7.35, 0.319058
7.4, 0.337414
7.45, 0.297042
7.5, 0.296717
7.55, 0.300167
7.6, 0.316318
7.65, 0.302088
7.7, 0.286817
7.75, 0.299166
7.8, 0.282504
7.85, 0.27884
7.9, 0.266787
7.95, 0.283885
8, 0.261287
8.05, 0.256535
8.1, 0.249121
8.15, 0.272864
8.2, 0.244925
8.25, 0.243412
8.3, 0.252727
8.35, 0.240402
8.4, 0.224709
8.45, 0.238707
8.5, 0.224227
8.55, 0.224834
8.6, 0.230406
8.65, 0.228186
8.7, 0.224682
8.75, 0.216757
8.8, 0.212884
8.85, 0.219537
8.9, 0.213279
8.95, 0.201519
9, 0.19492
9.05, 0.205586
9.1, 0.199568
9.15, 0.191192
9.2, 0.208321
9.25, 0.190008
9.3, 0.183968
9.35, 0.178966
9.4, 0.16897
9.45, 0.184801
9.5, 0.163636
9.55, 0.158986
9.6, 0.168452
9.65, 0.168357
9.7, 0.163165
9.75, 0.158561
9.8, 0.159263
9.85, 0.153228
9.9, 0.158939
9.95, 0.142445
10, 0.149262
10.05, 0.157076
10.1, 0.141971
10.15, 0.135067
10.2, 0.139712
10.25, 0.13905
10.3, 0.142292
10.35, 0.119609
10.4, 0.130139
10.45, 0.140908
10.5, 0.124711
10.55, 0.115493
10.6, 0.133146
10.65, 0.129077
10.7, 0.143215
10.75, 0.122715
10.8, 0.120184
10.85, 0.102041
10.9, 0.116749
10.95, 0.107386
11, 0.112137
11.05, 0.116854
11.1, 0.104584
11.15, 0.106713
11.2, 0.0993787
11.25, 0.0982439
11.3, 0.0929392
11.35, 0.106392
11.4, 0.109197
11.45, 0.101159
11.5, 0.104337
11.55, 0.0916056
11.6, 0.0937277
11.65, 0.0826949
11.7, 0.0893088
11.75, 0.088533
11.8, 0.0976011
11.85, 0.0905904
11.9, 0.0872777
11.95, 0.0832205
12, 0.0810259
12.05, 0.070202
12.1, 0.0834603
12.15, 0.0738945
12.2, 0.0742724
12.25, 0.0777569
12.3, 0.0698879
12.35, 0.0769721
12.4, 0.0664134
12.45, 0.0852104
12.5, 0.0698281
12.55, 0.0730395
12.6, 0.0766894
12.65, 0.0616322
12.7, 0.0683142
12.75, 0.069713
12.8, 0.0584978
12.85, 0.062002
12.9, 0.057023
12.95, 0.0567919
13, 0.0527426
13.05, 0.0525837
13.1, 0.0564277
13.15, 0.0548807
13.2, 0.0567063
13.25, 0.0527898
13.3, 0.0581122
13.35, 0.0568573
13.4, 0.055276
13.45, 0.0557364
13.5, 0.0467505
13.55, 0.0517511
13.6, 0.0518007
13.65, 0.0486627
13.7, 0.052537
13.75, 0.0455365
13.8, 0.048558
13.85, 0.0420071
13.9, 0.0425674
13.95, 0.040234
14, 0.0431571
14.05, 0.0467389
14.1, 0.0426004
14.15, 0.0492825
14.2, 0.0366707
14.25, 0.0383547
14.3, 0.0402029
14.35, 0.0431221
14.4, 0.0351988
14.45, 0.0366409
14.5, 0.0321421
14.55, 0.0275658
14.6, 0.0358753
14.65, 0.0339812
14.7, 0.0288699
14.75, 0.0342797
14.8, 0.0368258
14.85, 0.02709
14.9, 0.0332222
14.95, 0.0255523
15, 0.0319077
15.05, 0.035326
15.1, 0.0280297
15.15, 0.030125
15.2, 0.0257558
15.25, 0.0278019
15.3, 0.0321125
15.35, 0.028911
15.4, 0.0293597
15.45, 0.0203518
15.5, 0.022866
15.55, 0.0317369
15.6, 0.0122941
15.65, 0.0234263
15.7, 0.0267195
15.75, 0.0226841
15.8, 0.0179544
15.85, 0.0161415
15.9, 0.0202298
15.95, 0.0269389
16, 0.0139947
16.05, 0.0227251
16.1, 0.0183795
16.15, 0.0106726
16.2, 0.0192816
16.25, 0.0190271
16.3, 0.014156
16.35, 0.0103799
16.4, 0.0142275
16.45, 0.00978888
16.5, 0.00956131
16.55, 0.0156474
16.6, 0.00324298
16.65, 0.0127792
16.7, 0.0159547
16.75, 0.0172907
16.8, 0.00997117
16.85, 0.0161575
16.9, 0.0123084
16.95, 0.010601
17, 0.0128272
17.05, 0.00813155
17.1, 0.0134307
17.15, 0.00861399
17.2, 0.00363795
17.25, 0.0108101
17.3, 0.00559603
17.35, 0.00845866
17.4, 0.00219468
17.45, 0.0107868
17.5, 0.00340306
17.55, 0.000875606
17.6, 0.00387184
17.65, -0.000700421
17.7, 0.00285288
17.75, 0.00726237
17.8, -0.00104654
17.85, -0.000763284
17.9, -0.00298644
17.95, -0.004586
18, 0.00938196
18.05, -0.00180462
18.1, 0.00121312
18.15, 0.000309816
18.2, 0.00209491
18.25, -0.00383068
18.3, -0.00377404
18.35, -0.000627891
18.4, -0.00494017
18.45, 0.00591074
18.5, 0.00232475
18.55, 0.00409487
18.6, -0.00156078
18.65, -0.00432959
18.7, 0.00154722
18.75, -0.000161705
18.8, 0.000794552
18.85, -0.00379451
18.9, -0.00381956
18.95, 0.00570956
19, -0.0037415
19.05, -0.00479013
19.1, 0.00114702
19.15, -0.0113145
19.2, -0.00247382
19.25, -0.00532394
19.3, 0.000739641
19.35, -0.00563135
19.4, -0.00882602
19.45, -0.00316114
19.5, -0.00461768
19.55, -0.013874
19.6, -0.00460827
19.65, -0.00599839
19.7, -0.00802867
19.75, -0.00766326
19.8, -0.00335425
19.85, -0.0146969
19.9, -0.0083558
19.95, -0.00982143
20, -0.0103641
20.05, -0.00167786
20.1, -0.00994414
20.15, -0.00650436
20.2, -0.0063901
20.25, -0.00655586
20.3, -0.00758472
20.35, -0.00480779
20.4, -0.0102836
20.45, -0.00547216
20.5, -0.00453199
20.55, -0.0128367
20.6, -0.0121536
20.65, -0.00847196
20.7, -0.00524968
20.75, -0.0086991
20.8, -0.00546595
20.85, -0.0103122
20.9, -0.0112428
20.95, -0.0106239
21, -0.011353
21.05, -0.0158576
21.1, -0.00792922
21.15, -0.0123505
21.2, -0.00973159
21.25, -0.00594537
21.3, -0.0104228
21.35, -0.0109018
21.4, -0.00852913
21.45, -0.010998
21.5, -0.0141687
21.55, -0.014434
21.6, -0.00518543
21.65, -0.010004
21.7, -0.0131607
21.75, -0.0155141
21.8, -0.0120023
21.85, -0.0111882
21.9, -0.010221
21.95, -0.0125054
22, -0.0140772
22.05, -0.0116945
22.1, -0.0180529
22.15, -0.013336
22.2, -0.00854145
22.25, -0.00922072
22.3, -0.00952503
22.35, -0.00993664
22.4, -0.0169786
22.45, -0.0139772
22.5, -0.0119287
22.55, -0.0129891
22.6, -0.0110017
22.65, -0.0169738
22.7, -0.0111072
22.75, -0.00922216
22.8, -0.0167923
22.85, -0.0111052
22.9, -0.0100216
22.95, -0.0112769
23, -0.0110512
23.05, -0.0115579
23.1, -0.015987
23.15, -0.0179852
23.2, -0.013922
23.25, -0.0130019
23.3, -0.0127764
23.35, -0.0119293
23.4, -0.0120256
23.45, -0.0119987
23.5, -0.00866711
23.55, -0.00958812
23.6, -0.0127204
23.65, -0.0127106
23.7, -0.0123318
23.75, -0.00870778
23.8, -0.00586814
23.85, -0.0162431
23.9, -0.0190727
23.95, -0.0126672
24, -0.0118241
24.05, -0.00874992
24.1, -0.0148811
24.15, -0.0129542
24.2, -0.0115185
24.25, -0.0113325
24.3, -0.0173441
24.35, -0.0129496
24.4, -0.0110668
24.45, -0.0140158
24.5, -0.0127351
24.55, -0.0144345
24.6, -0.0160833
24.65, -0.0110456
24.7, -0.0123014
24.75, -0.01627
24.8, -0.0153895
24.85, -0.0125196
24.9, -0.0150616
24.95, -0.0128987
25, -0.0109192
25.05, -0.0119411
25.1, -0.0116615
25.15, -0.0160155
25.2, -0.0113666
25.25, -0.0131109
25.3, -0.00895289
25.35, -0.0104601
25.4, -0.0142782
25.45, -0.0102123
25.5, -0.0154809
25.55, -0.0115053
25.6, -0.0127116
25.65, -0.012594
25.7, -0.0134171
25.75, -0.0121472
25.8, -0.0111965
25.85, -0.0133781
25.9, -0.00942341
25.95, -0.0117316
26, -0.00907611
26.05, -0.0104348
26.1, -0.0125543
26.15, -0.0174305
26.2, -0.0112516
26.25, -0.0155373
26.3, -0.0156941
26.35, -0.0114803
26.4, -0.00911001
26.45, -0.0171158
26.5, -0.0151676
26.55, -0.0155915
26.6, -0.0153131
26.65, -0.0129676
26.7, -0.0168008
26.75, -0.0149058
26.8, -0.0130607
26.85, -0.0125369
26.9, -0.00918839
26.95, -0.013439
27, -0.015671
27.05, -0.0128007
27.1, -0.0114524
27.15, -0.0130286
27.2, -0.016448
27.25, -0.0166041
27.3, -0.0141914
27.35, -0.0122037
27.4, -0.0111749
27.45, -0.0125871
27.5, -0.0124912
27.55, -0.0148174
27.6, -0.0126833
27.65, -0.0142684
27.7, -0.00668529
27.75, -0.0115122
27.8, -0.0142903
27.85, -0.009692
27.9, -0.0092478
27.95, -0.0124908
28, -0.0136078
28.05, -0.012128
28.1, -0.0154291
28.15, -0.0102478
28.2, -0.0184054
28.25, -0.0200665
28.3, -0.0182803
28.35, -0.0131663
28.4, -0.0129609
28.45, -0.0166454
28.5, -0.015365
28.55, -0.00960322
28.6, -0.0112411
28.65, -0.013698
28.7, -0.0115966
28.75, -0.0118947
28.8, -0.0150789
28.85, -0.0162327
28.9, -0.0154382
28.95, -0.0145618
29, -0.0136522
29.05, -0.0137843
29.1, -0.0141949
29.15, -0.0109575
29.2, -0.0159908
29.25, -0.0129518
29.3, -0.0131913
29.35, -0.0130942
29.4, -0.00970426
29.45, -0.0116971
29.5, -0.0131843
29.55, -0.0155069
29.6, -0.0163587
29.65, -0.0143728
29.7, -0.0129245
29.75, -0.0173641
29.8, -0.0173361
29.85, -0.00978767
29.9, -0.00879363
29.95, -0.0125791
30, -0.0139162
30.05, -0.0119239
30.1, -0.0145128
30.15, -0.0167361
30.2, -0.0130102
30.25, -0.015739
30.3, -0.0136485
30.35, -0.0144469
30.4, -0.0170155
30.45, -0.0158909
30.5, -0.0149259
30.55, -0.0154605
30.6, -0.0152413
30.65, -0.0112582
30.7, -0.0129028
30.75, -0.0116602
30.8, -0.0159012
30.85, -0.0171693
30.9, -0.013722
30.95, -0.0152477
31, -0.012885
31.05, -0.0149629
31.1, -0.016697
31.15, -0.0107558
31.2, -0.0119792
31.25, -0.0121117
31.3, -0.01287
31.35, -0.0125611
31.4, -0.0121454
31.45, -0.0145346
31.5, -0.0158052
31.55, -0.0138613
31.6, -0.0117561
31.65, -0.0143654
31.7, -0.0151644
31.75, -0.0134812
31.8, -0.0129788
31.85, -0.0146357
31.9, -0.00926604
31.95, -0.0117598
32, -0.010147
32.05, -0.0141432
32.1, -0.0121694
32.15, -0.0144234
32.2, -0.0119198
32.25, -0.0155577
32.3, -0.0123816
32.35, -0.0151305
32.4, -0.0151538
32.45, -0.0145402
32.5, -0.0136364
32.55, -0.00970184
32.6, -0.0128259
32.65, -0.0129937
32.7, -0.0119516
32.75, -0.0133898
32.8, -0.0124482
32.85, -0.0123043
32.9, -0.00924445
32.95, -0.012743
33, -0.0110879
33.05, -0.0157203
33.1, -0.0165767
33.15, -0.0132915
33.2, -0.00977621
33.25, -0.00891846
33.3, -0.0136069
33.35, -0.0139678
33.4, -0.0117825
33.45, -0.014196
33.5, -0.0107096
33.55, -0.0141409
33.6, -0.0135807
33.65, -0.0115266
33.7, -0.0143784
33.75, -0.0118093
33.8, -0.0114125
33.85, -0.0122929
33.9, -0.0125716
33.95, -0.00991673
34, -0.01072
34.05, -0.00994132
34.1, -0.012245
34.15, -0.0101043
34.2, -0.00805908
34.25, -0.0118452
34.3, -0.011088
34.35, -0.0118951
34.4, -0.0100963
34.45, -0.0120757
34.5, -0.00984622
34.55, -0.0136141
34.6, -0.0122228
34.65, -0.0127885
34.7, -0.0155374
34.75, -0.0130061
34.8, -0.0123046
34.85, -0.00918946
34.9, -0.0106871
34.95, -0.0116179
35, -0.00811125
35.05, -0.0104978
35.1, -0.0108994
35.15, -0.00921557
35.2, -0.0122816
35.25, -0.0156198
35.3, -0.0131102
35.35, -0.00729136
35.4, -0.0121037
35.45, -0.00789654
35.5, -0.0121099
35.55, -0.0101362
35.6, -0.0142442
35.65, -0.00917244
35.7, -0.0120732
35.75, -0.0109708
35.8, -0.012293
35.85, -0.0127078
35.9, -0.00693195
35.95, -0.0108155
36, -0.0123722
36.05, -0.0120772
36.1, -0.0101692
36.15, -0.0109766
36.2, -0.0108163
36.25, -0.0104869
36.3, -0.0104748
36.35, -0.00881393
36.4, -0.0114163
36.45, -0.0122171
36.5, -0.0144651
36.55, -0.0109769
36.6, -0.0108068
36.65, -0.0116058
36.7, -0.00879352
36.75, -0.0109582
36.8, -0.0106211
36.85, -0.0143301
36.9, -0.00938705
36.95, -0.00720713
37, -0.0135544
37.05, -0.0103837
37.1, -0.0111237
37.15, -0.0129644
37.2, -0.0101529
37.25, -0.0109867
37.3, -0.0121983
37.35, -0.0106037
37.4, -0.00920762
37.45, -0.0129829
37.5, -0.0106522
37.55, -0.00869056
37.6, -0.0113933
37.65, -0.00710366
37.7, -0.0118106
37.75, -0.00821393
37.8, -0.0100091
37.85, -0.00676196
37.9, -0.00715171
37.95, -0.0102829
38, -0.00817347
38.05, -0.0109971
38.1, -0.0121508
38.15, -0.00969558
38.2, -0.00968772
38.25, -0.0078609
38.3, -0.00973048
38.35, -0.0077161
38.4, -0.0100198
38.45, -0.00980865
38.5, -0.0100045
38.55, -0.0106645
38.6, -0.00970397
38.65, -0.0101259
38.7, -0.00995307
38.75, -0.010737
38.8, -0.00980998
38.85, -0.00731345
38.9, -0.0076938
38.95, -0.00592264
39, -0.00727842
39.05, -0.00599474
39.1, -0.0118875
39.15, -0.00783894
39.2, -0.00566323
39.25, -0.00604214
39.3, -0.00882383
39.35, -0.00564812
39.4, -0.00823477
39.45, -0.00814438
39.5, -0.00833696
39.55, -0.00855659
39.6, -0.00787471
39.65, -0.00755369
39.7, -0.0093867
39.75, -0.00460984
39.8, -0.00657018
39.85, -0.00691138
39.9, -0.00498938
39.95, -0.00880436
40, -0.00637994
40.05, -0.00762859
40.1, -0.004494
40.15, -0.00749284
40.2, -0.00671986
40.25, -0.00926783
40.3, -0.00706564
40.35, -0.00562791
40.4, -0.00588456
40.45, -0.00348348
40.5, -0.00995855
40.55, -0.00424597
40.6, -0.00458957
40.65, -0.00532122
40.7, -0.00516899
40.75, -0.00566124
40.8, -0.00648085
40.85, -0.00899377
40.9, -0.00759096
40.95, -0.00900497
41, -0.0047369
41.05, -0.00611261
41.1, -0.00372735
41.15, -0.00714946
41.2, -0.00782199
41.25, -0.00746304
41.3, -0.00767124
41.35, -0.0071184
41.4, -0.00510626
41.45, -0.00500355
41.5, -0.00438538
41.55, -0.00567623
41.6, 0.0013256
41.65, -0.0044632
41.7, -0.00272735
41.75, -0.00878002
41.8, -0.00387817
41.85, -0.00688989
41.9, -0.00462863
41.95, -0.00623641
42, -0.00748197
42.05, -0.00508105
42.1, -0.00525958
42.15, -0.00456603
42.2, -0.00315494
42.25, -0.00592582
42.3, -0.00167749
42.35, -0.00560721
42.4, -0.00381206
42.45, -0.00565766
42.5, -0.00519544
42.55, -0.00749216
42.6, -0.00396595
42.65, -0.00509892
42.7, -0.00395047
42.75, -0.00711659
42.8, -0.00403203
42.85, -0.00561387
42.9, -0.00262043
42.95, -0.00423341
43, -0.00161581
43.05, -0.00418413
43.1, -0.00665112
43.15, -0.00579204
43.2, -0.00226337
43.25, -0.00374396
43.3, -0.00296713
43.35, -0.00686567
43.4, -0.00722427
43.45, -0.00460487
43.5, -0.00515188
43.55, -0.00410028
43.6, -0.00396039
43.65, -0.0023201
43.7, -0.00229517
43.75, -0.00224014
43.8, -0.00562238
43.85, -0.0042581
43.9, -0.00125478
43.95, -0.00638126
44, -0.00428482
44.05, -0.00152981
44.1, -0.00240484
44.15, -0.00535437
44.2, -0.00235479
44.25, -0.00265512
44.3, -0.0025592
44.35, -0.00101005
44.4, 0.000824641
44.45, -0.00278941
44.5, -0.0026717
44.55, -0.00376692
44.6, 0.000708859
44.65, -0.0027381
44.7, -0.00353431
44.75, -0.000970417
44.8, -0.00239496
44.85, -0.00147489
44.9, -0.00254913
44.95, -6.92647e-05
45, -0.00211051
45.05, -0.00179561
45.1, -0.00135987
45.15, -0.000232805
45.2, 0.00138336
45.25, -0.00197992
45.3, -0.00507906
45.35, -0.00108348
45.4, 0.00127637
45.45, -0.00214619
45.5, -0.00329053
45.55, -7.73189e-05
45.6, 0.00050265
45.65, -0.00264172
45.7, -0.00291701
45.75, -0.00218321
45.8, -0.00387796
45.85, -0.00114559
45.9, -0.00130842
45.95, -0.00227453
46, -0.00376494
46.05, 0.00379648
46.1, -0.00386016
46.15, -0.000640083
46.2, -0.00434464
46.25, -0.00254101
46.3, -0.00116638
46.35, -0.000739383
46.4, -0.00144497
46.45, 0.000413201
46.5, 0.00202092
46.55, 0.000336807
46.6, -0.000423794
46.65, 0.00160138
46.7, -0.000891364
46.75, 0.00302315
46.8, 0.00106864
46.85, -0.000649359
46.9, 0.0016356
46.95, 0.00216498
47, -0.00375255
47.05, 0.00219091
47.1, 0.00209913
47.15, -0.000915697
47.2, 0.00295244
47.25, -0.000239347
47.3, 0.00165683
47.35, 0.000778392
47.4, -0.00185954
47.45, 0.00211924
47.5, 0.00484563
47.55, -0.00108789
47.6, 0.0045443
47.65, 0.00468869
47.7, 0.00399225
47.75, 0.00409547
47.8, 0.00308487
47.85, 2.67098e-05
47.9, 0.00396315
47.95, 0.00447253
48, -0.00356181
48.05, 0.0020764
48.1, 0.00106473
48.15, 0.000155992
48.2, 0.00453581
48.25, 0.00333226
48.3, 0.000896139
48.35, -0.00164244
48.4, 0.00343388
48.45, 0.00666725
48.5, 0.00621163
48.55, 0.00773861
48.6, 0.00481712
48.65, 0.00642882
48.7, 0.00786555
48.75, 0.00695619
48.8, 0.00306345
48.85, 0.00686918
48.9, 0.00555445
48.95, 0.00821358
49, 0.0101136
49.05, 0.00419049
49.1, 0.00697106
49.15, 0.00580825
49.2, 0.00472966
49.25, 0.00775884
49.3, 0.00543768
49.35, 0.00770366
49.4, 0.00622429
49.45, 0.00620218
49.5, 0.00987628
49.55, 0.0091515
49.6, 0.00472669
49.65, 0.00593055
49.7, 0.00849656
49.75, 0.00687581
49.8, 0.00528481
49.85, 0.0059655
49.9, 0.00913601
49.95, 0.00774287
50, 0.0117757
50.05, 0.00814222
50.1, 0.00913291
50.15, 0.00753836
50.2, 0.0112058
50.25, 0.0094223
50.3, 0.00627924
50.35, 0.011769
50.4, 0.00505288
50.45, 0.00692452
50.5, 0.00441478
50.55, 0.0092779
50.6, 0.0127578
50.65, 0.00441649
50.7, 0.00789886
50.75, 0.0108998
50.8, 0.00785803
50.85, 0.00923416
50.9, 0.0101811
50.95, 0.01012
51, 0.0113886
51.05, 0.0151722
51.1, 0.0126302
51.15, 0.0100186
51.2, 0.00742913
51.25, 0.00981258
51.3, 0.0117491
51.35, 0.0122105
51.4, 0.00754286
51.45, 0.0106633
51.5, 0.0110052
51.55, 0.0127892
51.6, 0.0117606
51.65, 0.0113957
51.7, 0.0103622
51.75, 0.00843041
51.8, 0.0122499
51.85, 0.0113942
51.9, 0.00990039
51.95, 0.0123718
52, 0.0116943
52.05, 0.0141704
52.1, 0.0137888
52.15, 0.0113724
52.2, 0.0138317
52.25, 0.0113981
52.3, 0.0139773
52.35, 0.012606
52.4, 0.0140809
52.45, 0.0147558
52.5, 0.014059
52.55, 0.0151785
52.6, 0.012677
52.65, 0.013473
52.7, 0.0190882
52.75, 0.0135992
52.8, 0.00492328
52.85, 0.0187559
52.9, 0.0145343
52.95, 0.0156475
53, 0.0100528
53.05, 0.0133046
53.1, 0.0146378
53.15, 0.0149799
53.2, 0.0166589
53.25, 0.0114267
53.3, 0.0105565
53.35, 0.0111675
53.4, 0.0129785
53.45, 0.00636922
53.5, 0.0130401
53.55, 0.0132344
53.6, 0.0118737
53.65, 0.0144076
53.7, 0.0200257
53.75, 0.0182781
53.8, 0.0176528
53.85, 0.0127516
53.9, 0.0142779
53.95, 0.0152767
54, 0.0158071
54.05, 0.0131283
54.1, 0.0150765
54.15, 0.0217972
54.2, 0.0149985
54.25, 0.0112961
54.3, 0.0177604
54.35, 0.0106806
54.4, 0.0151766
54.45, 0.0179803
54.5, 0.0163521
54.55, 0.0202761
54.6, 0.0159627
54.65, 0.014738
54.7, 0.0210441
54.75, 0.0182797
54.8, 0.01286
54.85, 0.0168604
54.9, 0.0141406
54.95, 0.0140754
55, 0.0143078
55.05, 0.0175322
55.1, 0.0156845
55.15, 0.018932
55.2, 0.00864161
55.25, 0.013924
55.3, 0.015166
55.35, 0.0118519
55.4, 0.0157411
55.45, 0.0292492
55.5, 0.013944
55.55, 0.011152
55.6, 0.0164166
55.65, 0.0138712
55.7, 0.0166036
55.75, 0.014545
55.8, 0.0163113
55.85, 0.0163598
55.9, 0.0128627
55.95, 0.0215225
56, 0.0142576
56.05, 0.0145308
56.1, 0.01443
56.15, 0.0169979
56.2, 0.0153598
56.25, 0.00967952
56.3, 0.0147328
56.35, 0.0117918
56.4, 0.0210874
56.45, 0.0184377
56.5, 0.0161479
56.55, 0.0141709
56.6, 0.00722559
56.65, 0.0182677
56.7, 0.0169038
56.75, 0.0120852
56.8, 0.0164298
56.85, 0.010712
56.9, 0.0182075
56.95, 0.0152372
57, 0.0200049
57.05, 0.0155649
57.1, 0.0183392
57.15, 0.0224944
57.2, 0.0140873
57.25, 0.0141377
57.3, 0.0108735
57.35, 0.0124326
57.4, 0.0143055
57.45, 0.00519375
57.5, 0.011901
57.55, 0.0130969
57.6, 0.019761
57.65, 0.0149461
57.7, 0.017457
57.75, 0.0146738
57.8, 0.0118712
57.85, 0.014165
57.9, 0.0188833
57.95, 0.0244447
58, 0.0189863
58.05, 0.0159997
58.1, 0.0201019
58.15, 0.022623
58.2, 0.0200387
58.25, 0.0165749
58.3, 0.0111198
58.35, 0.0173258
58.4, 0.0170274
58.45, 0.0144574
58.5, 0.0200751
58.55, 0.0213714
58.6, 0.00865753
58.65, 0.00397618
58.7, 0.012769
58.75, 0.0130696
58.8, 0.0260972
58.85, 0.00802412
58.9, 0.0174975
58.95, 0.0168152
59, 0.00962392
59.05, 0.0163482
59.1, 0.019761
59.15, 0.0262565
59.2, 0.0201968
59.25, 0.0212622
59.3, 0.0154202
59.35, 0.0266799
59.4, 0.0172191
59.45, 0.0125758
59.5, 0.0153374
59.55, 0.0119807
59.6, 0.0211089
59.65, 0.00282853
59.7, 0.018237
59.75, 0.0182186
59.8, 0.00430926
59.85, -0.000176978
59.9, 0.0157367
59.95, 0.0155279
60, 0.00986243
60.05, 0.014012
60.1, 0.0232667
60.15, 0.0279785
60.2, 0.0150792
60.25, 0.0141954
60.3, 0.0172241
60.35, 0.0122925
60.4, 0.00742545
60.45, 0.0275753
60.5, 0.00556091
60.55, 0.0140219
60.6, 0.0136818
60.65, 0.00431087
60.7, 0.00924969
60.75, 0.0164516
60.8, 0.0148455
60.85, 0.0243171
60.9, 0.0214836
60.95, 0.0176309
61, 0.00753385
61.05, 0.027468
61.1, 0.0165852
61.15, 0.0211158
61.2, 0.0136934
61.25, 0.0130468
61.3, 0.00974423
61.35, 0.00826718
61.4, 0.0087157
61.45, 0.00227401
61.5, 0.017113
61.55, 0.00989504
61.6, 0.0111102
61.65, 0.0150551
61.7, 0.0239063
61.75, 0.00157058
61.8, 0.0156449
61.85, 0.0020554
61.9, 0.0236761
61.95, 0.0225074
62, 0.00586741
62.05, 0.00127044
62.1, 0.00331819
62.15, 0.0166706
62.2, 0.0317685
62.25, -0.00377407
62.3, -7.62122e-06
62.35, 0.0116502
62.4, 0.00863867
62.45, 0.0263715
62.5, 0.000876756
62.55, 0.0168509
62.6, 0.00910159
62.65, 0.0200436
62.7, 0.00929381
62.75, 0.0129195
62.8, 0.0127874
62.85, 0.00645267
62.9, 0.0310856
62.95, 0.010905
63, 0.0191027
63.05, 0.0110907
63.1, 0.0134579
63.15, 0.0262217
63.2, 0.0100441
63.25, -0.00642201
63.3, 0.00764077
63.35, 0.0185606
63.4, -0.00507754
63.45, 0.00574861
63.5, -0.00417709
63.55, -0.00556777
63.6, -0.0164878
63.65, 0.0434651
63.7, -0.00714824
63.75, -0.00608719
63.8, 0.0164957
63.85, -0.0209123
63.9, 0.0269478
63.95, 0.00748449
64, 0.0109759
64.05, -0.0290323
64.1, 0.0205915
64.15, 0.0229634
64.2, -0.00634706
64.25, -0.0204935
64.3, -0.03237
64.35, 0.00439067
64.4, 0.000651115
64.45, 0.00581481
64.5, 0.0166264
64.55, 0.00445459
64.6, -0.0108884
64.65, -0.0134155
64.7, 0.0146536
64.75, -0.00315245
64.8, 0.0126544
64.85, -0.00387458
64.9, -0.0263824
64.95, -0.00253065
65, 0.0207719
65.05, -0.000862666
65.1, -0.0224389
65.15, 0.0423956
65.2, -0.0114839
65.25, 0.0705988
65.3, 0.044442
65.35, -0.0453226
65.4, 0.0264187
65.45, -0.00363671
65.5, 0.0158021
65.55, -0.0453862
65.6, 0.00646089
65.65, 0.0189074
65.7, -0.0113276
65.75, 0.0331721
65.8, -0.0109043
65.85, -0.0242387
65.9, -0.0244628
65.95, 0.0135959
66, 0.0565643
66.05, -0.0153425
66.1, -0.00566226
66.15, -0.0830169
66.2, 0.00837677
66.25, 0.00760895
66.3, 0.0122933
66.35, -0.00267535
66.4, -0.00930065
66.45, 0.0329946
66.5, -0.196319
66.55, 0.0563064
66.6, -0.189577
66.65, 0.0209588
66.7, 0.0927741
66.75, -0.185949
66.8, -0.0985249
66.85, 0.240088
66.9, -0.0912343
66.95, 0.430866
67, -0.521992
67.05, -0.516937
67.1, -nan
67.15, -nan
67.2, -nan
67.25, -nan
67.3, -nan
67.35, -nan
67.4, -nan
67.45, -nan
67.5, -nan
67.55, -nan
67.6, -nan
67.65, -nan
67.7, -nan
67.75, -nan
67.8, -nan
67.85, -nan
67.9, -nan
67.95, -nan
68, -nan
68.05, -nan
68.1, -nan
68.15, -nan
68.2, -nan
68.25, -nan
68.3, -nan
68.35, -nan
68.4, -nan
68.45, -nan
68.5, -nan
68.55, -nan
68.6, -nan
68.65, -nan
68.7, -nan
68.75, -nan
68.8, -nan
68.85, -nan
68.9, -nan
68.95, -nan
69, -nan
69.05, -nan
69.1, -nan
69.15, -nan
69.2, -nan
69.25, -nan
69.3, -nan
69.35, -nan
69.4, -nan
69.45, -nan
69.5, -nan
69.55, -nan
69.6, -nan
69.65, -nan
69.7, -nan
69.75, -nan
69.8, -nan
69.85, -nan
69.9, -nan
69.95, -nan
70, -nan
70.05, -nan
70.1, -nan
70.15, -nan
70.2, -nan
70.25, -nan
70.3, -nan
70.35, -nan
70.4, -nan
70.45, -nan
70.5, -nan
70.55, -nan
70.6, -nan
70.65, -nan
70.7, -nan
70.75, -nan
70.8, -nan
70.85, -nan
70.9, -nan
70.95, -nan
71, -nan
71.05, -nan
71.1, -nan
71.15, -nan
71.2, -nan
71.25, -nan
71.3, -nan
71.35, -nan
71.4, -nan
71.45, -nan
71.5, -nan
71.55, -nan
71.6, -nan
71.65, -nan
71.7, -nan
71.75, -nan
71.8, -nan
71.85, -nan
71.9, -nan
71.95, -nan
72, -nan
72.05, -nan
72.1, -nan
72.15, -nan
72.2, -nan
72.25, -nan
72.3, -nan
72.35, -nan
72.4, -nan
72.45, -nan
72.5, -nan
72.55, -nan
72.6, -nan
72.65, -nan
72.7, -nan
72.75, -nan
72.8, -nan
72.85, -nan
72.9, -nan
72.95, -nan
73, -nan
73.05, -nan
73.1, -nan
73.15, -nan
73.2, -nan
73.25, -nan
73.3, -nan
73.35, -nan
73.4, -nan
73.45, -nan
73.5, -nan
73.55, -nan
73.6, -nan
73.65, -nan
73.7, -nan
73.75, -nan
73.8, -nan
73.85, -nan
73.9, -nan
73.95, -nan
74, -nan
74.05, -nan
74.1, -nan
74.15, -nan
74.2, -nan
74.25, -nan
74.3, -nan
74.35, -nan
74.4, -nan
74.45, -nan
74.5, -nan
74.55, -nan
74.6, -nan
74.65, -nan
74.7, -nan
74.75, -nan
74.8, -nan
74.85, -nan
74.9, -nan
74.95, -nan
75, -nan
75.05, -nan
75.1, -nan
75.15, -nan
75.2, -nan
75.25, -nan
75.3, -nan
75.35, -nan
75.4, -nan
75.45, -nan
75.5, -nan
75.55, -nan
75.6, -nan
75.65, -nan
75.7, -nan
75.75, -nan
75.8, -nan
75.85, -nan
75.9, -nan
75.95, -nan
76, -nan
76.05, -nan
76.1, -nan
76.15, -nan
76.2, -nan
76.25, -nan
76.3, -nan
76.35, -nan
