0, -nan
0.05, -nan
0.1, -nan
0.15, -nan
0.2, -nan
0.25, -nan
0.3, -nan
0.35, -nan
0.4, -nan
0.45, -nan
0.5, -nan
0.55, -nan
0.6, -nan
0.65, -nan
0.7, -nan
0.75, -nan
0.8, -nan
0.85, -nan
0.9, -nan
0.95, -nan
1, -nan
1.05, -nan
1.1, -nan
1.15, -nan
1.2, -nan
1.25, -nan
1.3, -nan
1.35, -nan
1.4, -nan
1.45, -nan
1.5, -nan
1.55, -nan
1.6, -nan
1.65, -nan
1.7, -nan
1.75, -nan
1.8, -nan
1.85, -nan
#1.9, 0.525663
#1.95, 0.665904
2, 1.11549
2.05, 0.927227
2.1, 1.00698
2.15, 1.07058
2.2, 0.730875
2.25, 0.96479
2.3, 0.916812
2.35, 0.944117
2.4, 0.933234
2.45, 0.985948
2.5, 0.898886
2.55, 0.869191
2.6, 0.884006
2.65, 0.92293
2.7, 0.885262
2.75, 0.855635
2.8, 0.84623
2.85, 0.895499
2.9, 0.910426
2.95, 0.826811
3, 0.855021
3.05, 0.872786
3.1, 0.853318
3.15, 0.844277
3.2, 0.858453
3.25, 0.830896
3.3, 0.854531
3.35, 0.829265
3.4, 0.835216
3.45, 0.913095
3.5, 0.836058
3.55, 0.831825
3.6, 0.823516
3.65, 0.812675
3.7, 0.85886
3.75, 0.787844
3.8, 0.828236
3.85, 0.816303
3.9, 0.823414
3.95, 0.79347
4, 0.803352
4.05, 0.806793
4.1, 0.805559
4.15, 0.783729
4.2, 0.759535
4.25, 0.762806
4.3, 0.744733
4.35, 0.788158
4.4, 0.774727
4.45, 0.788155
4.5, 0.763866
4.55, 0.767428
4.6, 0.740574
4.65, 0.705676
4.7, 0.748714
4.75, 0.693223
4.8, 0.699258
4.85, 0.735575
4.9, 0.694623
4.95, 0.669958
5, 0.703962
5.05, 0.637262
5.1, 0.683504
5.15, 0.660838
5.2, 0.690273
5.25, 0.656661
5.3, 0.679768
5.35, 0.67325
5.4, 0.670938
5.45, 0.634738
5.5, 0.623732
5.55, 0.657417
5.6, 0.652044
5.65, 0.619972
5.7, 0.624186
5.75, 0.626148
5.8, 0.604205
5.85, 0.620609
5.9, 0.615572
5.95, 0.619931
6, 0.585507
6.05, 0.587811
6.1, 0.58756
6.15, 0.57862
6.2, 0.583379
6.25, 0.57697
6.3, 0.563124
6.35, 0.541985
6.4, 0.549505
6.45, 0.534347
6.5, 0.544498
6.55, 0.555649
6.6, 0.534559
6.65, 0.521908
6.7, 0.516154
6.75, 0.52949
6.8, 0.501104
6.85, 0.522168
6.9, 0.492026
6.95, 0.501884
7, 0.489702
7.05, 0.49462
7.1, 0.461752
7.15, 0.476774
7.2, 0.455575
7.25, 0.465193
7.3, 0.46365
7.35, 0.465764
7.4, 0.461369
7.45, 0.455066
7.5, 0.428031
7.55, 0.451161
7.6, 0.44864
7.65, 0.440103
7.7, 0.418956
7.75, 0.435469
7.8, 0.432818
7.85, 0.408753
7.9, 0.422545
7.95, 0.407601
8, 0.397309
8.05, 0.396315
8.1, 0.395838
8.15, 0.37215
8.2, 0.386657
8.25, 0.372228
8.3, 0.384326
8.35, 0.379251
8.4, 0.368947
8.45, 0.363698
8.5, 0.362268
8.55, 0.366023
8.6, 0.36948
8.65, 0.356772
8.7, 0.333352
8.75, 0.343737
8.8, 0.347027
8.85, 0.328482
8.9, 0.333231
8.95, 0.330015
9, 0.316065
9.05, 0.334256
9.1, 0.330425
9.15, 0.318012
9.2, 0.318902
9.25, 0.321237
9.3, 0.312743
9.35, 0.300468
9.4, 0.290075
9.45, 0.294694
9.5, 0.288883
9.55, 0.275706
9.6, 0.295302
9.65, 0.295086
9.7, 0.27572
9.75, 0.294707
9.8, 0.277198
9.85, 0.281744
9.9, 0.274583
9.95, 0.257669
10, 0.256282
10.05, 0.251758
10.1, 0.256101
10.15, 0.260151
10.2, 0.255666
10.25, 0.24571
10.3, 0.247086
10.35, 0.242896
10.4, 0.24262
10.45, 0.247465
10.5, 0.241553
10.55, 0.245773
10.6, 0.237824
10.65, 0.230411
10.7, 0.228359
10.75, 0.229307
10.8, 0.23086
10.85, 0.211273
10.9, 0.222664
10.95, 0.227355
11, 0.22069
11.05, 0.21868
11.1, 0.22208
11.15, 0.195329
11.2, 0.209398
11.25, 0.210788
11.3, 0.199285
11.35, 0.190718
11.4, 0.197476
11.45, 0.198319
11.5, 0.192726
11.55, 0.19324
11.6, 0.179586
11.65, 0.188239
11.7, 0.181577
11.75, 0.188863
11.8, 0.194096
11.85, 0.180091
11.9, 0.18979
11.95, 0.169918
12, 0.18044
12.05, 0.174113
12.1, 0.165639
12.15, 0.178679
12.2, 0.171711
12.25, 0.156652
12.3, 0.162488
12.35, 0.152958
12.4, 0.159314
12.45, 0.158542
12.5, 0.160944
12.55, 0.159641
12.6, 0.15388
12.65, 0.15437
12.7, 0.164813
12.75, 0.165408
12.8, 0.13998
12.85, 0.150503
12.9, 0.13693
12.95, 0.147687
13, 0.14759
13.05, 0.139292
13.1, 0.137454
13.15, 0.137806
13.2, 0.131646
13.25, 0.130577
13.3, 0.132129
13.35, 0.134429
13.4, 0.130184
13.45, 0.129906
13.5, 0.124651
13.55, 0.116779
13.6, 0.113299
13.65, 0.122229
13.7, 0.123624
13.75, 0.126473
13.8, 0.126773
13.85, 0.128782
13.9, 0.124286
13.95, 0.119151
14, 0.115479
14.05, 0.113208
14.1, 0.115394
14.15, 0.118024
14.2, 0.111139
14.25, 0.115785
14.3, 0.114625
14.35, 0.103343
14.4, 0.0976517
14.45, 0.104868
14.5, 0.10984
14.55, 0.109753
14.6, 0.108395
14.65, 0.099619
14.7, 0.101929
14.75, 0.0959607
14.8, 0.0998847
14.85, 0.0955609
14.9, 0.0968752
14.95, 0.0945804
15, 0.0913284
15.05, 0.0920303
15.1, 0.0998376
15.15, 0.0912187
15.2, 0.086024
15.25, 0.077508
15.3, 0.0885522
15.35, 0.0842311
15.4, 0.087001
15.45, 0.081132
15.5, 0.0864245
15.55, 0.0865455
15.6, 0.0805891
15.65, 0.0907145
15.7, 0.076844
15.75, 0.0709217
15.8, 0.0793438
15.85, 0.0764761
15.9, 0.0809369
15.95, 0.0751664
16, 0.081995
16.05, 0.0748173
16.1, 0.0756058
16.15, 0.0736979
16.2, 0.0644665
16.25, 0.0718882
16.3, 0.0716477
16.35, 0.0709775
16.4, 0.0729579
16.45, 0.0659293
16.5, 0.0620924
16.55, 0.062063
16.6, 0.0636875
16.65, 0.0663967
16.7, 0.0604024
16.75, 0.0604333
16.8, 0.060972
16.85, 0.0613586
16.9, 0.0567731
16.95, 0.0541378
17, 0.0577376
17.05, 0.0505284
17.1, 0.0574454
17.15, 0.0510651
17.2, 0.0556593
17.25, 0.0543745
17.3, 0.0501042
17.35, 0.0557547
17.4, 0.0470635
17.45, 0.0446646
17.5, 0.0558161
17.55, 0.0500202
17.6, 0.0492796
17.65, 0.0522764
17.7, 0.0494706
17.75, 0.0500083
17.8, 0.041386
17.85, 0.0376051
17.9, 0.0414726
17.95, 0.0491976
18, 0.0450803
18.05, 0.0456775
18.1, 0.0331797
18.15, 0.0339374
18.2, 0.0365982
18.25, 0.0445286
18.3, 0.0358414
18.35, 0.0385652
18.4, 0.0339851
18.45, 0.0408164
18.5, 0.0361937
18.55, 0.0342388
18.6, 0.0392799
18.65, 0.0359982
18.7, 0.0401962
18.75, 0.027912
18.8, 0.0324162
18.85, 0.0365685
18.9, 0.0294481
18.95, 0.0290916
19, 0.0290426
19.05, 0.0186306
19.1, 0.0240425
19.15, 0.0276074
19.2, 0.0281309
19.25, 0.028177
19.3, 0.025743
19.35, 0.0212152
19.4, 0.0305957
19.45, 0.025287
19.5, 0.0276987
19.55, 0.0187002
19.6, 0.0247526
19.65, 0.017092
19.7, 0.0270969
19.75, 0.0221817
19.8, 0.0160101
19.85, 0.0206731
19.9, 0.0218092
19.95, 0.022955
20, 0.0178443
20.05, 0.011987
20.1, 0.0236521
20.15, 0.0140993
20.2, 0.0187894
20.25, 0.017228
20.3, 0.0168751
20.35, 0.0159255
20.4, 0.0123135
20.45, 0.0120326
20.5, 0.0105606
20.55, 0.0141134
20.6, 0.00926288
20.65, 0.0147363
20.7, 0.0172103
20.75, 0.0121181
20.8, 0.00989781
20.85, 0.0164232
20.9, 0.00882532
20.95, 0.0102213
21, 0.0101637
21.05, 0.00967774
21.1, 0.00753291
21.15, 0.0090457
21.2, 0.00632914
21.25, 0.0112087
21.3, 0.008511
21.35, 0.0064518
21.4, 0.0100337
21.45, 0.00940918
21.5, 0.00612036
21.55, 0.0103803
21.6, 0.01183
21.65, 0.00466377
21.7, 0.00390173
21.75, 0.00433009
21.8, -0.000372323
21.85, 0.00779509
21.9, 0.00264597
21.95, 0.00180559
22, 0.00916399
22.05, 0.00957076
22.1, -0.00147622
22.15, 0.00517307
22.2, 0.0026861
22.25, -0.00242118
22.3, 0.000763516
22.35, 0.00340004
22.4, -0.00252879
22.45, 0.00462382
22.5, 0.00082465
22.55, -0.00953144
22.6, -0.0025961
22.65, -0.000270407
22.7, -0.000365197
22.75, -0.00275768
22.8, -0.00118717
22.85, 0.00169223
22.9, -0.00312558
22.95, -0.00403285
23, -0.0027577
23.05, -0.00106892
23.1, -0.00346506
23.15, -0.00532412
23.2, 0.000495499
23.25, -0.0055236
23.3, -0.00911652
23.35, -0.00585063
23.4, -0.00620212
23.45, -0.00294806
23.5, -0.00332371
23.55, -0.00173279
23.6, -0.00834895
23.65, -0.00644368
23.7, -0.00513197
23.75, -0.00183005
23.8, -0.0087198
23.85, -9.03863e-05
23.9, -0.00709419
23.95, -0.00433146
24, -0.00694969
24.05, -0.00885669
24.1, -0.00683655
24.15, -0.00804336
24.2, -0.00595796
24.25, -0.00276662
24.3, -0.00662741
24.35, -0.0104514
24.4, -0.00753613
24.45, -0.00694946
24.5, -0.0053785
24.55, -0.00847306
24.6, -0.00890208
24.65, -0.0109183
24.7, -0.0112473
24.75, -0.00803326
24.8, -0.0111217
24.85, -0.00785635
24.9, -0.0134675
24.95, -0.0130637
25, -0.00678604
25.05, -0.00966207
25.1, -0.0145299
25.15, -0.00638791
25.2, -0.0057214
25.25, -0.0130295
25.3, -0.0102625
25.35, -0.0141272
25.4, -0.0103752
25.45, -0.0125802
25.5, -0.00810775
25.55, -0.0120501
25.6, -0.0150864
25.65, -0.0121549
25.7, -0.0107393
25.75, -0.0125846
25.8, -0.0148205
25.85, -0.013112
25.9, -0.0114447
25.95, -0.0131009
26, -0.0170088
26.05, -0.0103577
26.1, -0.0156946
26.15, -0.00986102
26.2, -0.0138861
26.25, -0.0113615
26.3, -0.0164634
26.35, -0.0127651
26.4, -0.0163658
26.45, -0.0143381
26.5, -0.0164334
26.55, -0.0131167
26.6, -0.0116365
26.65, -0.0167854
26.7, -0.0128854
26.75, -0.0107761
26.8, -0.0124613
26.85, -0.0163437
26.9, -0.0180368
26.95, -0.0145217
27, -0.0139109
27.05, -0.0176024
27.1, -0.0159322
27.15, -0.0150595
27.2, -0.0203336
27.25, -0.0159359
27.3, -0.0134556
27.35, -0.020358
27.4, -0.0175312
27.45, -0.018364
27.5, -0.0149493
27.55, -0.0163956
27.6, -0.0217415
27.65, -0.0192903
27.7, -0.0175724
27.75, -0.0170539
27.8, -0.0162383
27.85, -0.0168433
27.9, -0.0153145
27.95, -0.0192808
28, -0.012228
28.05, -0.0169374
28.1, -0.018359
28.15, -0.0142247
28.2, -0.0158527
28.25, -0.022333
28.3, -0.0219579
28.35, -0.0183072
28.4, -0.0157962
28.45, -0.0163982
28.5, -0.0158178
28.55, -0.020818
28.6, -0.0172173
28.65, -0.0154322
28.7, -0.018568
28.75, -0.0188418
28.8, -0.0233707
28.85, -0.0207131
28.9, -0.0185859
28.95, -0.0213257
29, -0.0222123
29.05, -0.0229576
29.1, -0.0167192
29.15, -0.0195186
29.2, -0.0163717
29.25, -0.0175749
29.3, -0.0213891
29.35, -0.0205231
29.4, -0.02094
29.45, -0.0185332
29.5, -0.0160786
29.55, -0.0215528
29.6, -0.0224738
29.65, -0.0250942
29.7, -0.0232914
29.75, -0.0181208
29.8, -0.0172741
29.85, -0.0246898
29.9, -0.0271559
29.95, -0.0164903
30, -0.0181194
30.05, -0.021314
30.1, -0.0208771
30.15, -0.0205691
30.2, -0.0206043
30.25, -0.0234064
30.3, -0.0246221
30.35, -0.0143015
30.4, -0.0229816
30.45, -0.0195868
30.5, -0.0198916
30.55, -0.0240854
30.6, -0.020426
30.65, -0.0229861
30.7, -0.0232558
30.75, -0.0213834
30.8, -0.0239637
30.85, -0.022725
30.9, -0.0200018
30.95, -0.021376
31, -0.0256455
31.05, -0.0201657
31.1, -0.023257
31.15, -0.025637
31.2, -0.0218655
31.25, -0.0207544
31.3, -0.0218177
31.35, -0.0263072
31.4, -0.0247618
31.45, -0.0251517
31.5, -0.0239508
31.55, -0.0235515
31.6, -0.022961
31.65, -0.022193
31.7, -0.0199265
31.75, -0.0187804
31.8, -0.0253027
31.85, -0.0258895
31.9, -0.0246266
31.95, -0.0219628
32, -0.0219878
32.05, -0.0225942
32.1, -0.0194012
32.15, -0.0210149
32.2, -0.0225629
32.25, -0.0186742
32.3, -0.0254796
32.35, -0.0217305
32.4, -0.0232179
32.45, -0.0236014
32.5, -0.0248512
32.55, -0.021712
32.6, -0.0238672
32.65, -0.0209036
32.7, -0.0246275
32.75, -0.0209028
32.8, -0.0284303
32.85, -0.0207207
32.9, -0.0197214
32.95, -0.0229034
33, -0.0217662
33.05, -0.0209228
33.1, -0.0237856
33.15, -0.0211446
33.2, -0.0248927
33.25, -0.0228375
33.3, -0.0223998
33.35, -0.0250222
33.4, -0.022331
33.45, -0.0229655
33.5, -0.0235037
33.55, -0.0268009
33.6, -0.0232782
33.65, -0.0211155
33.7, -0.0216962
33.75, -0.021672
33.8, -0.0203576
33.85, -0.0236285
33.9, -0.0238392
33.95, -0.0195008
34, -0.0227238
34.05, -0.0274306
34.1, -0.0234976
34.15, -0.0198677
34.2, -0.022434
34.25, -0.0201982
34.3, -0.0190409
34.35, -0.0250999
34.4, -0.0216427
34.45, -0.0207301
34.5, -0.0209079
34.55, -0.0226509
34.6, -0.0230882
34.65, -0.0252616
34.7, -0.022685
34.75, -0.0205966
34.8, -0.0246004
34.85, -0.0200643
34.9, -0.0215497
34.95, -0.0217488
35, -0.0252029
35.05, -0.0243701
35.1, -0.0211353
35.15, -0.0227524
35.2, -0.024503
35.25, -0.0229267
35.3, -0.025032
35.35, -0.0181766
35.4, -0.0253763
35.45, -0.019962
35.5, -0.0218402
35.55, -0.0230489
35.6, -0.0262987
35.65, -0.0202977
35.7, -0.0226371
35.75, -0.0227797
35.8, -0.0201533
35.85, -0.023801
35.9, -0.0210726
35.95, -0.0241311
36, -0.0253603
36.05, -0.0224004
36.1, -0.021039
36.15, -0.019252
36.2, -0.0249965
36.25, -0.0241004
36.3, -0.0217021
36.35, -0.0229493
36.4, -0.0211153
36.45, -0.0239412
36.5, -0.0229017
36.55, -0.0188145
36.6, -0.0250829
36.65, -0.0208256
36.7, -0.0209294
36.75, -0.0251758
36.8, -0.0208706
36.85, -0.0210792
36.9, -0.0235833
36.95, -0.0221876
37, -0.0223193
37.05, -0.0199005
37.1, -0.0234889
37.15, -0.0215326
37.2, -0.0205664
37.25, -0.024778
37.3, -0.0196091
37.35, -0.0230851
37.4, -0.0225057
37.45, -0.0220267
37.5, -0.0231497
37.55, -0.0208148
37.6, -0.017798
37.65, -0.0231237
37.7, -0.0208612
37.75, -0.0191354
37.8, -0.0217392
37.85, -0.0211647
37.9, -0.0234668
37.95, -0.0186259
38, -0.0216171
38.05, -0.0199791
38.1, -0.0219005
38.15, -0.0221488
38.2, -0.0226381
38.25, -0.0225162
38.3, -0.0195686
38.35, -0.023794
38.4, -0.0198474
38.45, -0.0190446
38.5, -0.0232756
38.55, -0.021289
38.6, -0.0215743
38.65, -0.0193403
38.7, -0.0204502
38.75, -0.0231384
38.8, -0.0214231
38.85, -0.0173989
38.9, -0.0214852
38.95, -0.0191604
39, -0.0208513
39.05, -0.0210334
39.1, -0.0220333
39.15, -0.0209493
39.2, -0.0181094
39.25, -0.0196245
39.3, -0.0186861
39.35, -0.020664
39.4, -0.0185696
39.45, -0.0217028
39.5, -0.0195411
39.55, -0.0207832
39.6, -0.0210564
39.65, -0.0204011
39.7, -0.0211152
39.75, -0.0217793
39.8, -0.0207691
39.85, -0.0194585
39.9, -0.0205198
39.95, -0.0171253
40, -0.0201993
40.05, -0.0166233
40.1, -0.0171948
40.15, -0.0192581
40.2, -0.0186875
40.25, -0.0191546
40.3, -0.0179842
40.35, -0.0169024
40.4, -0.0165292
40.45, -0.0181554
40.5, -0.0175413
40.55, -0.0192039
40.6, -0.017875
40.65, -0.017453
40.7, -0.0178183
40.75, -0.0178888
40.8, -0.0180672
40.85, -0.0177199
40.9, -0.0184031
40.95, -0.0164017
41, -0.0192392
41.05, -0.0144619
41.1, -0.0167157
41.15, -0.019052
41.2, -0.0175846
41.25, -0.0167791
41.3, -0.017809
41.35, -0.0168219
41.4, -0.0168769
41.45, -0.0146729
41.5, -0.0155386
41.55, -0.0178473
41.6, -0.0186062
41.65, -0.0177502
41.7, -0.0164026
41.75, -0.0134555
41.8, -0.0166465
41.85, -0.013945
41.9, -0.0172128
41.95, -0.0134907
42, -0.0149981
42.05, -0.0153235
42.1, -0.013464
42.15, -0.0120152
42.2, -0.0125175
42.25, -0.0149085
42.3, -0.0140451
42.35, -0.0141128
42.4, -0.014818
42.45, -0.0140226
42.5, -0.0115144
42.55, -0.0141066
42.6, -0.0143354
42.65, -0.0159481
42.7, -0.015837
42.75, -0.0139366
42.8, -0.0134944
42.85, -0.014348
42.9, -0.010714
42.95, -0.0153981
43, -0.0175084
43.05, -0.0123586
43.1, -0.0140867
43.15, -0.014086
43.2, -0.0163888
43.25, -0.0151778
43.3, -0.0131513
43.35, -0.0150049
43.4, -0.0153389
43.45, -0.0126439
43.5, -0.0129887
43.55, -0.0134204
43.6, -0.0135147
43.65, -0.00920922
43.7, -0.00983598
43.75, -0.010281
43.8, -0.0139585
43.85, -0.0164192
43.9, -0.015356
43.95, -0.0115402
44, -0.00980217
44.05, -0.0122032
44.1, -0.00996683
44.15, -0.0119969
44.2, -0.0103512
44.25, -0.00975627
44.3, -0.0121091
44.35, -0.0135949
44.4, -0.0112844
44.45, -0.0118613
44.5, -0.00993195
44.55, -0.0117323
44.6, -0.00994391
44.65, -0.0102954
44.7, -0.00959209
44.75, -0.0118179
44.8, -0.0105763
44.85, -0.010501
44.9, -0.0105827
44.95, -0.0114132
45, -0.00885281
45.05, -0.00810698
45.1, -0.0121034
45.15, -0.0122877
45.2, -0.00933768
45.25, -0.00794372
45.3, -0.00899585
45.35, -0.00633945
45.4, -0.00893621
45.45, -0.00941465
45.5, -0.0112184
45.55, -0.011246
45.6, -0.0071093
45.65, -0.00964895
45.7, -0.00751615
45.75, -0.00473226
45.8, -0.00379388
45.85, -0.00720372
45.9, -0.009966
45.95, -0.00768958
46, -0.00716352
46.05, -0.0063045
46.1, -0.00649528
46.15, -0.00994911
46.2, -0.00803918
46.25, -0.00812905
46.3, -0.00726017
46.35, -0.00819274
46.4, -0.00904464
46.45, -0.00842074
46.5, -0.00632512
46.55, -0.00570977
46.6, -0.00642719
46.65, -0.0037003
46.7, -0.00472801
46.75, -0.00293555
46.8, -0.00314822
46.85, -0.00798044
46.9, -0.00422833
46.95, -0.00560084
47, -0.00408449
47.05, -0.0052591
47.1, -0.00504548
47.15, -0.00634143
47.2, -0.00633139
47.25, -0.00308045
47.3, -0.00996975
47.35, -0.00465997
47.4, -0.00320747
47.45, 2.7934e-05
47.5, -0.00591428
47.55, -0.000850843
47.6, -0.00857098
47.65, -0.00423256
47.7, -0.00398406
47.75, -0.0045782
47.8, -0.00260405
47.85, -0.00373214
47.9, -0.00275659
47.95, -0.00438802
48, -0.00388842
48.05, -0.00456429
48.1, -0.00489492
48.15, -0.00182979
48.2, -0.00405897
48.25, -0.00358093
48.3, -0.000429261
48.35, -0.00106643
48.4, -0.00237385
48.45, 0.000472706
48.5, -0.000926174
48.55, 0.000746435
48.6, 0.000958276
48.65, -0.00150682
48.7, 0.00270742
48.75, -0.00160937
48.8, -0.00110192
48.85, 0.00365342
48.9, -0.00355205
48.95, 0.00178598
49, 0.00109456
49.05, 0.00222837
49.1, 0.00235078
49.15, 0.00247208
49.2, -0.00101505
49.25, 0.00296623
49.3, -0.00223452
49.35, -0.000735406
49.4, 0.00139696
49.45, 0.00452493
49.5, -0.000420737
49.55, 0.00207605
49.6, 0.0011158
49.65, 0.000421151
49.7, 0.00224762
49.75, 0.00757017
49.8, 0.0045112
49.85, 0.00306311
49.9, -0.00078723
49.95, 0.00617914
50, 0.00595131
50.05, 0.00653381
50.1, 0.00318438
50.15, 0.00587244
50.2, 0.00327951
50.25, 0.00507857
50.3, 0.00653792
50.35, 0.00723934
50.4, 0.00792251
50.45, 0.00750324
50.5, 0.00664857
50.55, 0.00549524
50.6, 0.00200591
50.65, 0.0115393
50.7, 0.00564683
50.75, 0.0067875
50.8, 0.00858042
50.85, 0.00703847
50.9, 0.00589788
50.95, 0.00673937
51, 0.00884087
51.05, 0.0102313
51.1, 0.00954427
51.15, 0.00518502
51.2, 0.0100195
51.25, 0.00830828
51.3, 0.0054706
51.35, 0.00589691
51.4, 0.00806581
51.45, 0.010109
51.5, 0.00819079
51.55, 0.00699612
51.6, 0.0105855
51.65, 0.0059799
51.7, 0.0129411
51.75, 0.00867501
51.8, 0.00644054
51.85, 0.0150808
51.9, 0.0108668
51.95, 0.00772988
52, 0.0135233
52.05, 0.0129578
52.1, 0.00705911
52.15, 0.0121929
52.2, 0.00984464
52.25, 0.0134908
52.3, 0.01774
52.35, 0.0106776
52.4, 0.0143119
52.45, 0.0123027
52.5, 0.0126543
52.55, 0.0131754
52.6, 0.0139484
52.65, 0.0117896
52.7, 0.00916241
52.75, 0.0123899
52.8, 0.0146518
52.85, 0.0142415
52.9, 0.00852829
52.95, 0.00973944
53, 0.012286
53.05, 0.0118045
53.1, 0.0132744
53.15, 0.0202127
53.2, 0.0135195
53.25, 0.0121156
53.3, 0.0167305
53.35, 0.0192585
53.4, 0.0134551
53.45, 0.0162715
53.5, 0.0160819
53.55, 0.0131941
53.6, 0.0135233
53.65, 0.0201597
53.7, 0.0140058
53.75, 0.0180275
53.8, 0.017428
53.85, 0.0174916
53.9, 0.0188947
53.95, 0.0158136
54, 0.0191139
54.05, 0.0161892
54.1, 0.0155164
54.15, 0.00866648
54.2, 0.0196337
54.25, 0.0233135
54.3, 0.014768
54.35, 0.0197731
54.4, 0.0196188
54.45, 0.0230371
54.5, 0.0207118
54.55, 0.0184839
54.6, 0.0222626
54.65, 0.0160284
54.7, 0.0193015
54.75, 0.0204189
54.8, 0.0216647
54.85, 0.0245598
54.9, 0.0184797
54.95, 0.0160635
55, 0.0215833
55.05, 0.0171738
55.1, 0.0204736
55.15, 0.0184256
55.2, 0.0198191
55.25, 0.0177544
55.3, 0.0243104
55.35, 0.0202249
55.4, 0.0257415
55.45, 0.0242934
55.5, 0.0206501
55.55, 0.0243672
55.6, 0.0245771
55.65, 0.0182102
55.7, 0.0210027
55.75, 0.0265385
55.8, 0.0230199
55.85, 0.0214607
55.9, 0.0242442
55.95, 0.0240886
56, 0.024842
56.05, 0.019062
56.1, 0.0244951
56.15, 0.0232203
56.2, 0.0201702
56.25, 0.0253128
56.3, 0.0196181
56.35, 0.0224754
56.4, 0.0232213
56.45, 0.0246153
56.5, 0.0275979
56.55, 0.0298218
56.6, 0.0206917
56.65, 0.0231838
56.7, 0.0282559
56.75, 0.0278803
56.8, 0.0278084
56.85, 0.0283343
56.9, 0.0277042
56.95, 0.0296369
57, 0.0236215
57.05, 0.0192001
57.1, 0.0317086
57.15, 0.0290238
57.2, 0.0200248
57.25, 0.0293198
57.3, 0.0295046
57.35, 0.0263883
57.4, 0.0228558
57.45, 0.0267026
57.5, 0.0242929
57.55, 0.0234312
57.6, 0.0302547
57.65, 0.0248384
57.7, 0.0243143
57.75, 0.0262329
57.8, 0.0252702
57.85, 0.0308173
57.9, 0.033244
57.95, 0.0262238
58, 0.0299256
58.05, 0.029496
58.1, 0.0262728
58.15, 0.0305198
58.2, 0.0272101
58.25, 0.0315429
58.3, 0.0199467
58.35, 0.0301331
58.4, 0.0220005
58.45, 0.0346566
58.5, 0.0195104
58.55, 0.0316974
58.6, 0.0392275
58.65, 0.0287201
58.7, 0.0261949
58.75, 0.0332921
58.8, 0.0289201
58.85, 0.0318167
58.9, 0.0256257
58.95, 0.0328065
59, 0.0352318
59.05, 0.0247953
59.1, 0.0306245
59.15, 0.02785
59.2, 0.0293155
59.25, 0.0352075
59.3, 0.0310753
59.35, 0.0312179
59.4, 0.023871
59.45, 0.0231962
59.5, 0.0253488
59.55, 0.0282571
59.6, 0.0364226
59.65, 0.0334217
59.7, 0.0199972
59.75, 0.0312322
59.8, 0.0441929
59.85, 0.0348998
59.9, 0.0336168
59.95, 0.0347182
60, 0.031078
60.05, 0.0423117
60.1, 0.0370581
60.15, 0.0323783
60.2, 0.0339839
60.25, 0.0440657
60.3, 0.0250447
60.35, 0.0310056
60.4, 0.0326457
60.45, 0.0301556
60.5, 0.0346609
60.55, 0.0272283
60.6, 0.0330203
60.65, 0.039365
60.7, 0.0303551
60.75, 0.0442277
60.8, 0.0378633
60.85, 0.0280105
60.9, 0.0363533
60.95, 0.0342158
61, 0.038225
61.05, 0.0378954
61.1, 0.0307456
61.15, 0.0385842
61.2, 0.0281204
61.25, 0.0355154
61.3, 0.0382788
61.35, 0.0362751
61.4, 0.047797
61.45, 0.0323081
61.5, 0.0234199
61.55, 0.0297139
61.6, 0.0259822
61.65, 0.0337672
61.7, 0.0359763
61.75, 0.0253809
61.8, 0.0401502
61.85, 0.0372668
61.9, 0.0360227
61.95, 0.0360544
62, 0.0343928
62.05, 0.0428011
62.1, 0.0255645
62.15, 0.032146
62.2, 0.0412528
62.25, 0.0303003
62.3, 0.0387372
62.35, 0.0266723
62.4, 0.0453096
62.45, 0.0401409
62.5, 0.0310621
62.55, 0.0309125
62.6, 0.0304905
62.65, 0.0299777
62.7, 0.0509904
62.75, 0.030385
62.8, 0.0479736
62.85, 0.0463657
62.9, 0.0321012
62.95, 0.0455673
63, 0.0362203
63.05, 0.0407704
63.1, 0.0434622
63.15, 0.026898
63.2, 0.0550852
63.25, 0.030567
63.3, 0.0395376
63.35, 0.0223192
63.4, 0.04297
63.45, 0.0291326
63.5, 0.0403539
63.55, 0.0370625
63.6, 0.0450268
63.65, 0.0154026
63.7, 0.0595116
63.75, 0.0329367
63.8, 0.0515431
63.85, 0.0425131
63.9, 0.0380177
63.95, 0.0253155
64, 0.0508541
64.05, 0.022597
64.1, 0.0331245
64.15, 0.0400303
64.2, 0.0274408
64.25, 0.0412284
64.3, 0.0480635
64.35, 0.0363578
64.4, 0.00982635
64.45, 0.0320573
64.5, 0.0548176
64.55, 0.0503509
64.6, 0.0435464
64.65, 0.0505055
64.7, 0.0484413
64.75, 0.0473686
64.8, 0.0200526
64.85, 0.0365655
64.9, 0.0273913
64.95, 0.0217347
65, 0.0355473
65.05, 0.0382561
65.1, 0.0199483
65.15, 0.0166182
65.2, 0.0263718
65.25, 0.035373
65.3, 0.046347
65.35, 0.0129459
65.4, 0.032429
65.45, 0.0205499
65.5, 0.0139095
65.55, 0.0244135
65.6, 0.0591844
65.65, 0.0517992
65.7, 0.0420719
65.75, 0.0617869
65.8, 0.0445388
65.85, 0.055974
65.9, 0.0147319
65.95, 0.0265511
66, 0.0251267
66.05, 0.0259291
66.1, 0.0385584
66.15, 0.0320689
66.2, 0.0148189
66.25, 0.059601
66.3, 0.0720038
66.35, 0.0421985
66.4, 0.0160024
66.45, 0.0465375
66.5, 0.0153209
66.55, 0.0227565
66.6, 0.0425047
66.65, 0.0161016
66.7, 0.0118252
66.75, 0.00454983
66.8, 0.0699081
66.85, 0.0342033
66.9, 0.0436321
66.95, 0.0682001
67, 0.0212985
67.05, 0.00226249
67.1, 0.0587072
67.15, 0.025975
67.2, -0.00538389
67.25, 0.0221905
67.3, 0.0480626
67.35, 0.0526169
67.4, 0.0264401
67.45, 0.035224
67.5, 0.0557896
67.55, -0.0109364
67.6, 0.0843096
67.65, 0.011735
67.7, 0.0329411
67.75, -0.00276358
67.8, 0.0522258
67.85, 0.089432
67.9, 0.0429944
67.95, 0.0482614
68, 0.0319695
68.05, -0.0240115
68.1, 0.0793524
68.15, 0.0618419
68.2, -6.93474e-05
68.25, 0.0147956
68.3, 0.0537051
68.35, 0.013333
68.4, 0.0080931
68.45, 0.0307969
68.5, 0.0592941
68.55, -0.0346535
68.6, 0.081518
68.65, 0.14672
68.7, -0.0267774
68.75, -0.0945245
68.8, 0.00408545
68.85, 0.0868944
68.9, -0.34248
68.95, -0.113708
69, 0.0517668
69.05, 0.243045
69.1, -0.297331
69.15, -0.287968
69.2, -nan
69.25, -nan
69.3, -nan
69.35, -nan
69.4, -nan
69.45, -nan
69.5, -nan
69.55, -nan
69.6, -nan
69.65, -nan
69.7, -nan
69.75, -nan
69.8, -nan
69.85, -nan
69.9, -nan
69.95, -nan
70, -nan
70.05, -nan
70.1, -nan
70.15, -nan
70.2, -nan
70.25, -nan
70.3, -nan
70.35, -nan
70.4, -nan
70.45, -nan
70.5, -nan
70.55, -nan
70.6, -nan
70.65, -nan
70.7, -nan
70.75, -nan
70.8, -nan
70.85, -nan
70.9, -nan
70.95, -nan
71, -nan
71.05, -nan
71.1, -nan
71.15, -nan
71.2, -nan
71.25, -nan
71.3, -nan
71.35, -nan
71.4, -nan
71.45, -nan
71.5, -nan
71.55, -nan
71.6, -nan
71.65, -nan
71.7, -nan
71.75, -nan
71.8, -nan
71.85, -nan
71.9, -nan
71.95, -nan
72, -nan
72.05, -nan
72.1, -nan
72.15, -nan
72.2, -nan
72.25, -nan
72.3, -nan
72.35, -nan
72.4, -nan
72.45, -nan
72.5, -nan
72.55, -nan
72.6, -nan
72.65, -nan
72.7, -nan
72.75, -nan
72.8, -nan
72.85, -nan
72.9, -nan
72.95, -nan
73, -nan
73.05, -nan
73.1, -nan
73.15, -nan
73.2, -nan
73.25, -nan
73.3, -nan
73.35, -nan
73.4, -nan
73.45, -nan
73.5, -nan
73.55, -nan
73.6, -nan
73.65, -nan
73.7, -nan
73.75, -nan
73.8, -nan
73.85, -nan
73.9, -nan
73.95, -nan
74, -nan
74.05, -nan
74.1, -nan
74.15, -nan
74.2, -nan
74.25, -nan
74.3, -nan
74.35, -nan
74.4, -nan
74.45, -nan
74.5, -nan
74.55, -nan
74.6, -nan
74.65, -nan
74.7, -nan
74.75, -nan
74.8, -nan
74.85, -nan
74.9, -nan
74.95, -nan
75, -nan
75.05, -nan
75.1, -nan
75.15, -nan
75.2, -nan
75.25, -nan
75.3, -nan
75.35, -nan
75.4, -nan
75.45, -nan
75.5, -nan
75.55, -nan
75.6, -nan
75.65, -nan
75.7, -nan
75.75, -nan
75.8, -nan
75.85, -nan
75.9, -nan
75.95, -nan
76, -nan
76.05, -nan
76.1, -nan
76.15, -nan
76.2, -nan
76.25, -nan
76.3, -nan
76.35, -nan
