0, -nan
0.05, -nan
0.1, -nan
0.15, -nan
0.2, -nan
0.25, -nan
0.3, -nan
0.35, -nan
0.4, -nan
0.45, -nan
0.5, -nan
0.55, -nan
0.6, -nan
0.65, -nan
0.7, -nan
0.75, -nan
0.8, -nan
0.85, -nan
0.9, -nan
0.95, -nan
1, -nan
1.05, -nan
1.1, -nan
1.15, -nan
1.2, -nan
1.25, -nan
1.3, -nan
1.35, -nan
1.4, -nan
1.45, -nan
1.5, -nan
1.55, -nan
1.6, -nan
1.65, -nan
1.7, -nan
1.75, -nan
1.8, -nan
1.85, -nan
#1.9, 0.491528
#1.95, 0.669608
2, 1.11504
2.05, 0.951495
2.1, 0.97419
2.15, 1.09531
2.2, 0.720582
2.25, 0.973846
2.3, 0.917499
2.35, 0.950672
2.4, 0.942704
2.45, 0.969563
2.5, 0.920177
2.55, 0.885261
2.6, 0.926325
2.65, 0.91374
2.7, 0.856112
2.75, 0.906758
2.8, 0.888919
2.85, 0.882539
2.9, 0.907831
2.95, 0.853498
3, 0.878605
3.05, 0.861926
3.1, 0.860664
3.15, 0.836676
3.2, 0.85467
3.25, 0.886867
3.3, 0.890332
3.35, 0.81823
3.4, 0.85699
3.45, 0.920136
3.5, 0.828623
3.55, 0.858706
3.6, 0.801497
3.65, 0.8364
3.7, 0.879124
3.75, 0.809702
3.8, 0.830855
3.85, 0.837452
3.9, 0.845805
3.95, 0.798689
4, 0.82528
4.05, 0.830449
4.1, 0.842038
4.15, 0.783165
4.2, 0.776991
4.25, 0.807911
4.3, 0.773652
4.35, 0.802653
4.4, 0.795641
4.45, 0.787788
4.5, 0.785907
4.55, 0.781754
4.6, 0.753189
4.65, 0.756531
4.7, 0.753899
4.75, 0.736211
4.8, 0.75023
4.85, 0.759582
4.9, 0.697681
4.95, 0.712111
5, 0.738844
5.05, 0.681903
5.1, 0.698815
5.15, 0.718681
5.2, 0.70346
5.25, 0.711617
5.3, 0.700278
5.35, 0.715174
5.4, 0.687184
5.45, 0.657556
5.5, 0.681029
5.55, 0.687972
5.6, 0.671893
5.65, 0.673862
5.7, 0.638307
5.75, 0.655682
5.8, 0.662092
5.85, 0.649196
5.9, 0.658139
5.95, 0.643761
6, 0.618755
6.05, 0.638478
6.1, 0.649432
6.15, 0.613903
6.2, 0.63416
6.25, 0.613798
6.3, 0.568972
6.35, 0.596336
6.4, 0.5911
6.45, 0.579155
6.5, 0.582606
6.55, 0.589006
6.6, 0.587822
6.65, 0.550104
6.7, 0.575487
6.75, 0.551315
6.8, 0.56231
6.85, 0.545994
6.9, 0.537336
6.95, 0.548572
7, 0.553714
7.05, 0.539786
7.1, 0.503731
7.15, 0.520059
7.2, 0.51158
7.25, 0.501563
7.3, 0.520891
7.35, 0.504764
7.4, 0.494917
7.45, 0.486141
7.5, 0.471858
7.55, 0.488522
7.6, 0.481955
7.65, 0.487338
7.7, 0.479712
7.75, 0.463274
7.8, 0.475657
7.85, 0.46544
7.9, 0.453749
7.95, 0.463983
8, 0.46201
8.05, 0.4288
8.1, 0.425575
8.15, 0.428634
8.2, 0.437492
8.25, 0.436891
8.3, 0.405704
8.35, 0.423961
8.4, 0.400784
8.45, 0.411938
8.5, 0.408785
8.55, 0.403994
8.6, 0.400528
8.65, 0.409455
8.7, 0.400287
8.75, 0.391129
8.8, 0.387423
8.85, 0.379947
8.9, 0.363838
8.95, 0.381277
9, 0.358423
9.05, 0.376293
9.1, 0.374009
9.15, 0.363356
9.2, 0.367287
9.25, 0.34919
9.3, 0.356718
9.35, 0.342172
9.4, 0.330319
9.45, 0.327651
9.5, 0.331942
9.55, 0.325478
9.6, 0.340049
9.65, 0.346039
9.7, 0.333655
9.75, 0.312669
9.8, 0.295217
9.85, 0.320446
9.9, 0.315614
9.95, 0.31468
10, 0.298143
10.05, 0.309786
10.1, 0.287722
10.15, 0.302406
10.2, 0.28541
10.25, 0.290546
10.3, 0.293851
10.35, 0.273343
10.4, 0.283166
10.45, 0.286402
10.5, 0.294169
10.55, 0.287586
10.6, 0.260574
10.65, 0.27152
10.7, 0.269839
10.75, 0.264981
10.8, 0.250363
10.85, 0.273808
10.9, 0.263105
10.95, 0.245792
11, 0.262621
11.05, 0.247387
11.1, 0.252365
11.15, 0.244501
11.2, 0.256911
11.25, 0.242035
11.3, 0.244366
11.35, 0.234214
11.4, 0.235635
11.45, 0.224277
11.5, 0.222766
11.55, 0.233304
11.6, 0.240186
11.65, 0.216661
11.7, 0.217156
11.75, 0.216354
11.8, 0.221021
11.85, 0.219909
11.9, 0.218691
11.95, 0.217713
12, 0.205293
12.05, 0.210594
12.1, 0.216975
12.15, 0.206499
12.2, 0.202579
12.25, 0.196507
12.3, 0.197859
12.35, 0.196563
12.4, 0.186746
12.45, 0.197616
12.5, 0.181544
12.55, 0.186643
12.6, 0.183687
12.65, 0.185677
12.7, 0.187968
12.75, 0.181235
12.8, 0.182946
12.85, 0.177362
12.9, 0.170004
12.95, 0.169314
13, 0.176394
13.05, 0.168095
13.1, 0.172686
13.15, 0.169441
13.2, 0.164137
13.25, 0.156596
13.3, 0.170895
13.35, 0.171894
13.4, 0.163062
13.45, 0.166101
13.5, 0.162958
13.55, 0.150095
13.6, 0.149941
13.65, 0.149449
13.7, 0.155074
13.75, 0.149477
13.8, 0.148295
13.85, 0.154204
13.9, 0.147708
13.95, 0.144449
14, 0.153855
14.05, 0.154495
14.1, 0.143302
14.15, 0.139553
14.2, 0.14495
14.25, 0.135239
14.3, 0.142046
14.35, 0.134884
14.4, 0.134614
14.45, 0.130416
14.5, 0.127251
14.55, 0.127663
14.6, 0.126887
14.65, 0.141824
14.7, 0.134123
14.75, 0.129398
14.8, 0.123299
14.85, 0.133432
14.9, 0.118167
14.95, 0.116936
15, 0.117555
15.05, 0.115757
15.1, 0.114392
15.15, 0.106025
15.2, 0.125527
15.25, 0.122861
15.3, 0.117937
15.35, 0.108764
15.4, 0.110709
15.45, 0.104783
15.5, 0.0986238
15.55, 0.101667
15.6, 0.112151
15.65, 0.104154
15.7, 0.110784
15.75, 0.100018
15.8, 0.105452
15.85, 0.110569
15.9, 0.10258
15.95, 0.101567
16, 0.102186
16.05, 0.0997263
16.1, 0.104285
16.15, 0.0986562
16.2, 0.0963086
16.25, 0.0973838
16.3, 0.0907494
16.35, 0.0990456
16.4, 0.0964617
16.45, 0.0969185
16.5, 0.0788145
16.55, 0.0812499
16.6, 0.0876107
16.65, 0.0886566
16.7, 0.0905811
16.75, 0.084645
16.8, 0.0828435
16.85, 0.0783072
16.9, 0.0804448
16.95, 0.0779103
17, 0.0783801
17.05, 0.0820323
17.1, 0.0772289
17.15, 0.0802266
17.2, 0.068267
17.25, 0.0804866
17.3, 0.0708144
17.35, 0.0767084
17.4, 0.0751518
17.45, 0.0677995
17.5, 0.0725317
17.55, 0.0684418
17.6, 0.0644051
17.65, 0.0686874
17.7, 0.0631492
17.75, 0.060674
17.8, 0.0651069
17.85, 0.0721234
17.9, 0.0633367
17.95, 0.0662723
18, 0.0609573
18.05, 0.0602877
18.1, 0.0585606
18.15, 0.0556806
18.2, 0.0660421
18.25, 0.0623044
18.3, 0.0550767
18.35, 0.0619571
18.4, 0.0579424
18.45, 0.0537098
18.5, 0.0542584
18.55, 0.053938
18.6, 0.0501716
18.65, 0.0593
18.7, 0.0487956
18.75, 0.0532561
18.8, 0.0536315
18.85, 0.051806
18.9, 0.0547406
18.95, 0.0513141
19, 0.0464119
19.05, 0.0481327
19.1, 0.0385241
19.15, 0.045359
19.2, 0.0426329
19.25, 0.0409653
19.3, 0.0444795
19.35, 0.04296
19.4, 0.0450106
19.45, 0.0445193
19.5, 0.0344249
19.55, 0.0371302
19.6, 0.0393815
19.65, 0.0396267
19.7, 0.0334991
19.75, 0.0336538
19.8, 0.0374155
19.85, 0.0364511
19.9, 0.0329993
19.95, 0.0333528
20, 0.0346152
20.05, 0.0301101
20.1, 0.0354672
20.15, 0.0319148
20.2, 0.0315329
20.25, 0.0331335
20.3, 0.0379453
20.35, 0.0289924
20.4, 0.0318578
20.45, 0.0334701
20.5, 0.0269477
20.55, 0.0276908
20.6, 0.0264548
20.65, 0.0296772
20.7, 0.0253859
20.75, 0.0258488
20.8, 0.0252617
20.85, 0.0250961
20.9, 0.0270178
20.95, 0.0207154
21, 0.0194948
21.05, 0.0237636
21.1, 0.0233778
21.15, 0.022596
21.2, 0.0228225
21.25, 0.0238903
21.3, 0.0225415
21.35, 0.0170259
21.4, 0.021213
21.45, 0.0165618
21.5, 0.0168339
21.55, 0.0211727
21.6, 0.0153324
21.65, 0.0185262
21.7, 0.0168315
21.75, 0.0155687
21.8, 0.0173614
21.85, 0.0144525
21.9, 0.0134034
21.95, 0.0160637
22, 0.011837
22.05, 0.0134028
22.1, 0.0156298
22.15, 0.0131739
22.2, 0.0180368
22.25, 0.0125074
22.3, 0.0103798
22.35, 0.0123999
22.4, 0.0139954
22.45, 0.00518868
22.5, 0.0110096
22.55, 0.0140263
22.6, 0.00988775
22.65, 0.00815129
22.7, 0.0125937
22.75, 0.00362125
22.8, 0.0126484
22.85, 0.00946665
22.9, 0.00728025
22.95, 0.00520484
23, 0.0128952
23.05, 0.00525591
23.1, 0.00290774
23.15, -0.00160643
23.2, -0.000649453
23.25, 0.0031678
23.3, 0.0119807
23.35, 0.00136269
23.4, 0.00422548
23.45, 0.000971791
23.5, 0.00483129
23.55, -0.000617054
23.6, 0.00372371
23.65, 0.00110287
23.7, 0.00587372
23.75, -0.00133554
23.8, 0.000642209
23.85, 0.00407293
23.9, 0.00327076
23.95, -0.000663086
24, -0.000944825
24.05, 0.00439405
24.1, -0.00209513
24.15, 0.000929404
24.2, -0.00576592
24.25, 0.00119579
24.3, -7.8804e-05
24.35, 0.00151029
24.4, -0.0017406
24.45, -0.000929796
24.5, -0.00261406
24.55, -0.00281597
24.6, 0.00451816
24.65, -0.00410824
24.7, -0.00814091
24.75, 0.000638468
24.8, -0.00356349
24.85, -0.00431889
24.9, -0.00590626
24.95, -0.00564177
25, -0.0028065
25.05, -0.0119557
25.1, -0.00858571
25.15, -0.00800274
25.2, -0.00663225
25.25, -0.00385588
25.3, -0.00703676
25.35, -0.00738543
25.4, -0.00679667
25.45, -0.00590053
25.5, -0.00583562
25.55, -0.0073963
25.6, -0.00612076
25.65, -0.00602159
25.7, -0.00405208
25.75, -0.00579237
25.8, -0.00521518
25.85, -0.00608515
25.9, -0.00781025
25.95, -0.00868068
26, -0.0060732
26.05, -0.00752377
26.1, -0.0142101
26.15, -0.0133538
26.2, -0.0123058
26.25, -0.0119576
26.3, -0.0116335
26.35, -0.00842284
26.4, -0.00632945
26.45, -0.0138137
26.5, -0.0174198
26.55, -0.0107642
26.6, -0.0129703
26.65, -0.0109724
26.7, -0.0104487
26.75, -0.0171345
26.8, -0.013126
26.85, -0.0104209
26.9, -0.0146535
26.95, -0.0102452
27, -0.0138503
27.05, -0.0135759
27.1, -0.0125107
27.15, -0.0138443
27.2, -0.00835373
27.25, -0.0153063
27.3, -0.0173373
27.35, -0.0221126
27.4, -0.0167831
27.45, -0.0148046
27.5, -0.0123259
27.55, -0.0144626
27.6, -0.0156875
27.65, -0.0137635
27.7, -0.0214372
27.75, -0.0157236
27.8, -0.0192246
27.85, -0.0169712
27.9, -0.0128765
27.95, -0.0160855
28, -0.0188749
28.05, -0.0130505
28.1, -0.018118
28.15, -0.0130761
28.2, -0.0143113
28.25, -0.0231202
28.3, -0.0198108
28.35, -0.0168558
28.4, -0.0179759
28.45, -0.0167385
28.5, -0.0192665
28.55, -0.0179197
28.6, -0.0198886
28.65, -0.0167416
28.7, -0.020012
28.75, -0.0185996
28.8, -0.0219703
28.85, -0.0215091
28.9, -0.0240657
28.95, -0.017541
29, -0.0187335
29.05, -0.0190579
29.1, -0.0213701
29.15, -0.0210818
29.2, -0.0199552
29.25, -0.0184746
29.3, -0.0238108
29.35, -0.021033
29.4, -0.020927
29.45, -0.0213769
29.5, -0.0245805
29.55, -0.019064
29.6, -0.016723
29.65, -0.0228916
29.7, -0.0205439
29.75, -0.0221514
29.8, -0.0262973
29.85, -0.0205994
29.9, -0.019368
29.95, -0.0240765
30, -0.0247227
30.05, -0.0232274
30.1, -0.0256811
30.15, -0.0227891
30.2, -0.022274
30.25, -0.021004
30.3, -0.0271205
30.35, -0.0258468
30.4, -0.0234648
30.45, -0.023928
30.5, -0.0197116
30.55, -0.0240206
30.6, -0.0227817
30.65, -0.0220925
30.7, -0.0173622
30.75, -0.0289013
30.8, -0.0250031
30.85, -0.0241319
30.9, -0.0244515
30.95, -0.0254756
31, -0.0259421
31.05, -0.0227415
31.1, -0.0231127
31.15, -0.0292208
31.2, -0.0247067
31.25, -0.0260258
31.3, -0.0261629
31.35, -0.0272501
31.4, -0.0282986
31.45, -0.0276702
31.5, -0.0289471
31.55, -0.0227989
31.6, -0.0244484
31.65, -0.0267906
31.7, -0.0209648
31.75, -0.03009
31.8, -0.0242986
31.85, -0.0264084
31.9, -0.0266436
31.95, -0.0273078
32, -0.0285409
32.05, -0.0302639
32.1, -0.0248103
32.15, -0.026932
32.2, -0.0237517
32.25, -0.0269611
32.3, -0.0236524
32.35, -0.0256589
32.4, -0.0253609
32.45, -0.026162
32.5, -0.0264919
32.55, -0.026287
32.6, -0.0270396
32.65, -0.0239132
32.7, -0.0291083
32.75, -0.0296162
32.8, -0.0299209
32.85, -0.0256673
32.9, -0.0254913
32.95, -0.0270034
33, -0.0278711
33.05, -0.0248874
33.1, -0.0278844
33.15, -0.0243158
33.2, -0.0262341
33.25, -0.0291197
33.3, -0.0287444
33.35, -0.0251
33.4, -0.0300178
33.45, -0.0254467
33.5, -0.0253479
33.55, -0.0273011
33.6, -0.0244471
33.65, -0.0250824
33.7, -0.0267368
33.75, -0.030637
33.8, -0.025818
33.85, -0.0268974
33.9, -0.0269362
33.95, -0.027027
34, -0.0250706
34.05, -0.027656
34.1, -0.0266123
34.15, -0.0281937
34.2, -0.024801
34.25, -0.0285712
34.3, -0.0270983
34.35, -0.0258602
34.4, -0.0302269
34.45, -0.0285031
34.5, -0.0262673
34.55, -0.0283055
34.6, -0.0273951
34.65, -0.0262039
34.7, -0.0312846
34.75, -0.0259401
34.8, -0.024975
34.85, -0.026961
34.9, -0.0268911
34.95, -0.0259067
35, -0.0285342
35.05, -0.0245872
35.1, -0.0254816
35.15, -0.0264242
35.2, -0.0332992
35.25, -0.0291877
35.3, -0.024092
35.35, -0.0267952
35.4, -0.0298652
35.45, -0.0274308
35.5, -0.0281843
35.55, -0.0279788
35.6, -0.0267226
35.65, -0.0250347
35.7, -0.0283677
35.75, -0.0296314
35.8, -0.0249422
35.85, -0.0273505
35.9, -0.0274344
35.95, -0.0283934
36, -0.0279057
36.05, -0.0257029
36.1, -0.0258862
36.15, -0.0274609
36.2, -0.0291971
36.25, -0.0281316
36.3, -0.0271495
36.35, -0.0310379
36.4, -0.0285502
36.45, -0.0264883
36.5, -0.0243436
36.55, -0.0252167
36.6, -0.0280375
36.65, -0.028232
36.7, -0.0275688
36.75, -0.0285556
36.8, -0.0270108
36.85, -0.0320754
36.9, -0.0271571
36.95, -0.0289025
37, -0.0278472
37.05, -0.0284596
37.1, -0.0257095
37.15, -0.0250384
37.2, -0.0284281
37.25, -0.0255979
37.3, -0.0310482
37.35, -0.0251424
37.4, -0.0260546
37.45, -0.0291304
37.5, -0.0270289
37.55, -0.0264116
37.6, -0.0245883
37.65, -0.0277305
37.7, -0.0240011
37.75, -0.0261014
37.8, -0.0277598
37.85, -0.0282663
37.9, -0.0266698
37.95, -0.0285068
38, -0.0245901
38.05, -0.0254934
38.1, -0.0263486
38.15, -0.0238259
38.2, -0.0252109
38.25, -0.0291016
38.3, -0.0255271
38.35, -0.0258942
38.4, -0.024738
38.45, -0.0262572
38.5, -0.0267312
38.55, -0.0281046
38.6, -0.0276885
38.65, -0.0274195
38.7, -0.0260577
38.75, -0.0261202
38.8, -0.0239399
38.85, -0.0266496
38.9, -0.0253862
38.95, -0.0247842
39, -0.0243577
39.05, -0.0263553
39.1, -0.0253693
39.15, -0.0254994
39.2, -0.0270779
39.25, -0.0238475
39.3, -0.024526
39.35, -0.0241102
39.4, -0.0259255
39.45, -0.0266251
39.5, -0.0233031
39.55, -0.0265229
39.6, -0.0257907
39.65, -0.0252706
39.7, -0.0237248
39.75, -0.0264751
39.8, -0.0247044
39.85, -0.0245214
39.9, -0.0236864
39.95, -0.0236922
40, -0.024228
40.05, -0.0228681
40.1, -0.0233041
40.15, -0.0263263
40.2, -0.0264561
40.25, -0.0258812
40.3, -0.0256239
40.35, -0.0232845
40.4, -0.0235031
40.45, -0.0272208
40.5, -0.0236911
40.55, -0.0223941
40.6, -0.022549
40.65, -0.0228092
40.7, -0.0248405
40.75, -0.0255315
40.8, -0.0205082
40.85, -0.0210392
40.9, -0.0250204
40.95, -0.0259495
41, -0.0202073
41.05, -0.0268887
41.1, -0.0230084
41.15, -0.02304
41.2, -0.0205688
41.25, -0.0226814
41.3, -0.0235339
41.35, -0.0240787
41.4, -0.021653
41.45, -0.0248613
41.5, -0.0203871
41.55, -0.022593
41.6, -0.0213182
41.65, -0.0225148
41.7, -0.0207804
41.75, -0.0224044
41.8, -0.0189966
41.85, -0.0200928
41.9, -0.0225349
41.95, -0.0238635
42, -0.0206704
42.05, -0.0170116
42.1, -0.0198709
42.15, -0.0200624
42.2, -0.0209481
42.25, -0.0186963
42.3, -0.0184252
42.35, -0.0184098
42.4, -0.0214049
42.45, -0.0208149
42.5, -0.0217294
42.55, -0.0215863
42.6, -0.0210864
42.65, -0.0184335
42.7, -0.0157868
42.75, -0.0172495
42.8, -0.0181873
42.85, -0.0194019
42.9, -0.0195951
42.95, -0.0194671
43, -0.0202064
43.05, -0.0165433
43.1, -0.0169714
43.15, -0.0152154
43.2, -0.0179322
43.25, -0.0204356
43.3, -0.0191497
43.35, -0.0210988
43.4, -0.0162047
43.45, -0.0199394
43.5, -0.0170972
43.55, -0.0196975
43.6, -0.0213504
43.65, -0.0169266
43.7, -0.0191343
43.75, -0.017433
43.8, -0.0153639
43.85, -0.0176198
43.9, -0.0175247
43.95, -0.0170925
44, -0.0168915
44.05, -0.0202837
44.1, -0.0171909
44.15, -0.0205377
44.2, -0.0167057
44.25, -0.0192421
44.3, -0.0167309
44.35, -0.0175503
44.4, -0.0177835
44.45, -0.0152291
44.5, -0.0173006
44.55, -0.0126426
44.6, -0.0145884
44.65, -0.0156785
44.7, -0.0153914
44.75, -0.0140495
44.8, -0.013607
44.85, -0.01258
44.9, -0.0162981
44.95, -0.0161274
45, -0.0140623
45.05, -0.0144278
45.1, -0.0155061
45.15, -0.015566
45.2, -0.0166942
45.25, -0.0136399
45.3, -0.0138558
45.35, -0.0142728
45.4, -0.0151305
45.45, -0.0129428
45.5, -0.0129188
45.55, -0.0128059
45.6, -0.0151175
45.65, -0.0149255
45.7, -0.0125699
45.75, -0.0144545
45.8, -0.00980241
45.85, -0.0125441
45.9, -0.0103167
45.95, -0.0126192
46, -0.0120325
46.05, -0.012616
46.1, -0.0156088
46.15, -0.0133137
46.2, -0.0111621
46.25, -0.00932608
46.3, -0.012894
46.35, -0.0100485
46.4, -0.0143758
46.45, -0.0101044
46.5, -0.0122968
46.55, -0.00963918
46.6, -0.0111094
46.65, -0.00912965
46.7, -0.00796503
46.75, -0.00888662
46.8, -0.0108242
46.85, -0.0122395
46.9, -0.0115884
46.95, -0.0143427
47, -0.00705323
47.05, -0.01039
47.1, -0.00837589
47.15, -0.0100958
47.2, -0.00944949
47.25, -0.0115497
47.3, -0.0110277
47.35, -0.00776416
47.4, -0.0104602
47.45, -0.00541602
47.5, -0.00612537
47.55, -0.00681557
47.6, -0.00998454
47.65, -0.00970858
47.7, -0.00957091
47.75, -0.00359638
47.8, -0.00765013
47.85, -0.00640532
47.9, -0.00524275
47.95, -0.00651415
48, -0.0103952
48.05, -0.0074595
48.1, -0.00458125
48.15, -0.00375611
48.2, -0.00567866
48.25, -0.00691852
48.3, -0.00605965
48.35, -0.00248829
48.4, -0.00631389
48.45, -0.00561824
48.5, -0.00526818
48.55, -0.0106367
48.6, -0.0118623
48.65, -0.00603743
48.7, -0.00775808
48.75, -0.00491972
48.8, -0.00574108
48.85, -0.00567734
48.9, -0.00392553
48.95, -0.00320029
49, -0.00232486
49.05, -0.000941042
49.1, -0.00453566
49.15, -0.00355469
49.2, -0.00121203
49.25, -0.00100226
49.3, 0.000610843
49.35, -0.00379665
49.4, -0.000815854
49.45, -0.00289899
49.5, -0.00140751
49.55, -0.00209603
49.6, 0.00352749
49.65, 0.00216219
49.7, -0.000768867
49.75, -0.000856796
49.8, 0.000522752
49.85, 0.00108498
49.9, 0.000407094
49.95, 9.25817e-05
50, 0.00109621
50.05, 0.00150894
50.1, -0.00299485
50.15, -0.000710659
50.2, 0.00235631
50.25, 0.0016279
50.3, 0.00404668
50.35, -0.000915725
50.4, 0.000620249
50.45, 0.00460379
50.5, 0.00348339
50.55, 0.00149191
50.6, 0.00229367
50.65, 0.0017873
50.7, 0.00424103
50.75, 0.00522999
50.8, 0.00496676
50.85, 0.00111287
50.9, 0.00767589
50.95, 0.00230851
51, 0.00549869
51.05, 0.00421211
51.1, 0.0093497
51.15, 0.0074792
51.2, 0.00575059
51.25, 0.00670979
51.3, 0.00444496
51.35, 0.00928994
51.4, 0.00600928
51.45, 0.00490985
51.5, 0.00883417
51.55, 0.00784474
51.6, 0.00539153
51.65, 0.00685533
51.7, 0.00627
51.75, 0.00426492
51.8, 0.00835734
51.85, 0.00938605
51.9, 0.0105717
51.95, 0.0106494
52, 0.00759668
52.05, 0.00757812
52.1, 0.0115615
52.15, 0.0104477
52.2, 0.0141458
52.25, 0.00897399
52.3, 0.00720657
52.35, 0.00873419
52.4, 0.011327
52.45, 0.00888193
52.5, 0.0102155
52.55, 0.00933521
52.6, 0.00770066
52.65, 0.010069
52.7, 0.0126445
52.75, 0.0128379
52.8, 0.012521
52.85, 0.0119873
52.9, 0.0169479
52.95, 0.0170203
53, 0.0132663
53.05, 0.0134648
53.1, 0.0144001
53.15, 0.0116133
53.2, 0.00716403
53.25, 0.0120047
53.3, 0.0115937
53.35, 0.0132101
53.4, 0.0128673
53.45, 0.0109806
53.5, 0.0164728
53.55, 0.014893
53.6, 0.0124747
53.65, 0.0160122
53.7, 0.0166849
53.75, 0.019407
53.8, 0.0199808
53.85, 0.0177072
53.9, 0.0162403
53.95, 0.015288
54, 0.0114733
54.05, 0.0173272
54.1, 0.017768
54.15, 0.0164894
54.2, 0.0183404
54.25, 0.0207974
54.3, 0.018066
54.35, 0.0194836
54.4, 0.0177332
54.45, 0.0197613
54.5, 0.0167655
54.55, 0.0198949
54.6, 0.0216481
54.65, 0.0174232
54.7, 0.0191532
54.75, 0.0183549
54.8, 0.0164762
54.85, 0.0210694
54.9, 0.0167418
54.95, 0.0236298
55, 0.0194806
55.05, 0.0234978
55.1, 0.0183445
55.15, 0.0171559
55.2, 0.0231001
55.25, 0.0201788
55.3, 0.0289127
55.35, 0.0222561
55.4, 0.0244763
55.45, 0.0214495
55.5, 0.0201699
55.55, 0.0227242
55.6, 0.0265091
55.65, 0.0257657
55.7, 0.0291724
55.75, 0.0260327
55.8, 0.0267908
55.85, 0.0287488
55.9, 0.0226784
55.95, 0.0257293
56, 0.0235501
56.05, 0.0219557
56.1, 0.0213576
56.15, 0.0284001
56.2, 0.0258864
56.25, 0.0304814
56.3, 0.0259286
56.35, 0.0282763
56.4, 0.0232661
56.45, 0.0288685
56.5, 0.0251157
56.55, 0.0287316
56.6, 0.0266961
56.65, 0.0257919
56.7, 0.0294209
56.75, 0.0221645
56.8, 0.0307106
56.85, 0.0272756
56.9, 0.0264819
56.95, 0.0255531
57, 0.0269065
57.05, 0.02805
57.1, 0.0273338
57.15, 0.0287271
57.2, 0.0288081
57.25, 0.0312405
57.3, 0.0330834
57.35, 0.0285617
57.4, 0.0260386
57.45, 0.0332005
57.5, 0.0324727
57.55, 0.0336288
57.6, 0.0334836
57.65, 0.0354354
57.7, 0.0360356
57.75, 0.0325717
57.8, 0.0311078
57.85, 0.0293868
57.9, 0.0332739
57.95, 0.0340689
58, 0.0321178
58.05, 0.0285773
58.1, 0.0350276
58.15, 0.0345291
58.2, 0.0340716
58.25, 0.0340111
58.3, 0.0354651
58.35, 0.0355673
58.4, 0.030579
58.45, 0.0357732
58.5, 0.0366922
58.55, 0.0320333
58.6, 0.0311485
58.65, 0.0334755
58.7, 0.0280511
58.75, 0.0313319
58.8, 0.0309256
58.85, 0.0410687
58.9, 0.043325
58.95, 0.0415519
59, 0.0378301
59.05, 0.035754
59.1, 0.0414462
59.15, 0.0392567
59.2, 0.0445025
59.25, 0.034475
59.3, 0.0366816
59.35, 0.0352923
59.4, 0.0393268
59.45, 0.0461914
59.5, 0.0421191
59.55, 0.0292974
59.6, 0.0390766
59.65, 0.0345787
59.7, 0.0366838
59.75, 0.0430964
59.8, 0.0397833
59.85, 0.0358495
59.9, 0.0382761
59.95, 0.0412024
60, 0.0407771
60.05, 0.0401773
60.1, 0.0428297
60.15, 0.0402756
60.2, 0.0402065
60.25, 0.0343739
60.3, 0.0343485
60.35, 0.0324928
60.4, 0.0417868
60.45, 0.0501916
60.5, 0.0467594
60.55, 0.0459884
60.6, 0.0407912
60.65, 0.0470982
60.7, 0.0348355
60.75, 0.0395415
60.8, 0.0456854
60.85, 0.0448543
60.9, 0.0448884
60.95, 0.0462532
61, 0.0426246
61.05, 0.0400509
61.1, 0.0495577
61.15, 0.051791
61.2, 0.0441951
61.25, 0.0522068
61.3, 0.0460168
61.35, 0.0370225
61.4, 0.043759
61.45, 0.0403116
61.5, 0.0367405
61.55, 0.0459679
61.6, 0.0491328
61.65, 0.0537673
61.7, 0.0556081
61.75, 0.0419607
61.8, 0.050709
61.85, 0.0441482
61.9, 0.040989
61.95, 0.0449456
62, 0.0323637
62.05, 0.0476768
62.1, 0.0426119
62.15, 0.0533753
62.2, 0.0515774
62.25, 0.0552162
62.3, 0.0413082
62.35, 0.0363716
62.4, 0.0518179
62.45, 0.0589127
62.5, 0.046759
62.55, 0.0517509
62.6, 0.048793
62.65, 0.0541374
62.7, 0.0368447
62.75, 0.050217
62.8, 0.0529932
62.85, 0.0454732
62.9, 0.0555124
62.95, 0.0360999
63, 0.0519341
63.05, 0.045528
63.1, 0.0497135
63.15, 0.0412494
63.2, 0.063691
63.25, 0.0463969
63.3, 0.0348675
63.35, 0.0406095
63.4, 0.0372421
63.45, 0.0588824
63.5, 0.0520841
63.55, 0.0479452
63.6, 0.0604439
63.65, 0.0293599
63.7, 0.0636686
63.75, 0.0428829
63.8, 0.0635621
63.85, 0.0583658
63.9, 0.0554012
63.95, 0.0531519
64, 0.0528216
64.05, 0.0391282
64.1, 0.0603752
64.15, 0.0591533
64.2, 0.0485811
64.25, 0.0441165
64.3, 0.0469439
64.35, 0.069655
64.4, 0.0530884
64.45, 0.0328126
64.5, 0.0681407
64.55, 0.0636761
64.6, 0.0677263
64.65, 0.0431738
64.7, 0.0540549
64.75, 0.050758
64.8, 0.0583158
64.85, 0.0606589
64.9, 0.0782008
64.95, 0.0387332
65, 0.0464178
65.05, 0.0467427
65.1, 0.0752204
65.15, 0.0400113
65.2, 0.069256
65.25, 0.0545398
65.3, 0.0537276
65.35, 0.0638208
65.4, 0.0438766
65.45, 0.0625945
65.5, 0.0402511
65.55, 0.0630121
65.6, 0.0639118
65.65, 0.052181
65.7, 0.0629624
65.75, 0.0624355
65.8, 0.0427057
65.85, 0.0543837
65.9, 0.0436876
65.95, 0.0464157
66, 0.0319947
66.05, 0.043618
66.1, 0.0634254
66.15, 0.0578274
66.2, 0.0462652
66.25, 0.0656906
66.3, 0.0583657
66.35, 0.0646442
66.4, 0.0401433
66.45, 0.0746445
66.5, 0.0692845
66.55, 0.0369289
66.6, 0.0787227
66.65, 0.0515373
66.7, 0.081765
66.75, 0.024707
66.8, 0.0488673
66.85, 0.0729122
66.9, 0.0457509
66.95, 0.0370025
67, 0.0662261
67.05, 0.0737861
67.1, 0.065584
67.15, 0.0615765
67.2, 0.0784199
67.25, 0.064415
67.3, 0.0613598
67.35, 0.0531765
67.4, 0.0458275
67.45, 0.0432333
67.5, 0.0636245
67.55, 0.0243947
67.6, 0.093233
67.65, 0.0649909
67.7, 0.068141
67.75, 0.0351997
67.8, 0.0541861
67.85, 0.0515743
67.9, 0.0122126
67.95, 0.0489002
68, 0.0783234
68.05, 0.0266644
68.1, 0.0903353
68.15, 0.0597199
68.2, 0.0274717
68.25, 0.0426559
68.3, 0.0539254
68.35, 0.0578527
68.4, 0.0460221
68.45, 0.126092
68.5, 0.10148
68.55, 0.0389154
68.6, 0.123498
68.65, 0.0750199
68.7, 0.0690064
68.75, 0.0407339
68.8, 0.0782117
68.85, 0.00692854
68.9, 0.0746093
68.95, 0.0441737
69, 0.0706873
69.05, -0.00425023
69.1, 0.104836
69.15, 0.0547454
69.2, 0.163605
69.25, 0.106526
69.3, 0.000142095
69.35, -0.0645863
69.4, 0.0872588
69.45, 0.202043
69.5, -0.0821397
69.55, -0.0617733
69.6, -0.0593008
69.65, -0.0876219
69.7, 0.0222382
69.75, 0.255592
69.8, 0.0784905
69.85, 0.477075
69.9, -0.26433
69.95, -0.0809465
70, -0.117663
70.05, -0.212572
70.1, -0.0824076
70.15, 0.150803
70.2, -0.0422244
70.25, -nan
70.3, -nan
70.35, -nan
70.4, -nan
70.45, -nan
70.5, -nan
70.55, -nan
70.6, -nan
70.65, -nan
70.7, -nan
70.75, -nan
70.8, -nan
70.85, -nan
70.9, -nan
70.95, -nan
71, -nan
71.05, -nan
71.1, -nan
71.15, -nan
71.2, -nan
71.25, -nan
71.3, -nan
71.35, -nan
71.4, -nan
71.45, -nan
71.5, -nan
71.55, -nan
71.6, -nan
71.65, -nan
71.7, -nan
71.75, -nan
71.8, -nan
71.85, -nan
71.9, -nan
71.95, -nan
72, -nan
72.05, -nan
72.1, -nan
72.15, -nan
72.2, -nan
72.25, -nan
72.3, -nan
72.35, -nan
72.4, -nan
72.45, -nan
72.5, -nan
72.55, -nan
72.6, -nan
72.65, -nan
72.7, -nan
72.75, -nan
72.8, -nan
72.85, -nan
72.9, -nan
72.95, -nan
73, -nan
73.05, -nan
73.1, -nan
73.15, -nan
73.2, -nan
73.25, -nan
73.3, -nan
73.35, -nan
73.4, -nan
73.45, -nan
73.5, -nan
73.55, -nan
73.6, -nan
73.65, -nan
73.7, -nan
73.75, -nan
73.8, -nan
73.85, -nan
73.9, -nan
73.95, -nan
74, -nan
74.05, -nan
74.1, -nan
74.15, -nan
74.2, -nan
74.25, -nan
74.3, -nan
74.35, -nan
74.4, -nan
74.45, -nan
74.5, -nan
74.55, -nan
74.6, -nan
74.65, -nan
74.7, -nan
74.75, -nan
74.8, -nan
74.85, -nan
74.9, -nan
74.95, -nan
75, -nan
75.05, -nan
75.1, -nan
75.15, -nan
75.2, -nan
75.25, -nan
75.3, -nan
75.35, -nan
75.4, -nan
75.45, -nan
75.5, -nan
75.55, -nan
75.6, -nan
75.65, -nan
75.7, -nan
75.75, -nan
75.8, -nan
75.85, -nan
75.9, -nan
75.95, -nan
76, -nan
76.05, -nan
76.1, -nan
76.15, -nan
76.2, -nan
76.25, -nan
76.3, -nan
76.35, -nan
