-442.25, 1
-440.25, 0
-438.25, 0
-436.25, 0
-434.25, 1
-432.25, 0
-430.25, 0
-428.25, 0
-426.25, 0
-424.25, 0
-422.25, 0
-420.25, 0
-418.25, 0
-416.25, 0
-414.25, 0
-412.25, 0
-410.25, 1
-408.25, 0
-406.25, 0
-404.25, 0
-402.25, 0
-400.25, 0
-398.25, 0
-396.25, 1
-394.25, 0
-392.25, 0
-390.25, 0
-388.25, 0
-386.25, 0
-384.25, 0
-382.25, 0
-380.25, 0
-378.25, 0
-376.25, 0
-374.25, 0
-372.25, 0
-370.25, 0
-368.25, 0
-366.25, 0
-364.25, 0
-362.25, 0
-360.25, 1
-358.25, 0
-356.25, 0
-354.25, 0
-352.25, 0
-350.25, 0
-348.25, 0
-346.25, 0
-344.25, 0
-342.25, 0
-340.25, 1
-338.25, 1
-336.25, 0
-334.25, 0
-332.25, 0
-330.25, 0
-328.25, 0
-326.25, 0
-324.25, 1
-322.25, 0
-320.25, 0
-318.25, 0
-316.25, 2
-314.25, 0
-312.25, 1
-310.25, 0
-308.25, 0
-306.25, 1
-304.25, 0
-302.25, 1
-300.25, 0
-298.25, 0
-296.25, 1
-294.25, 0
-292.25, 1
-290.25, 0
-288.25, 1
-286.25, 1
-284.25, 0
-282.25, 1
-280.25, 0
-278.25, 1
-276.25, 0
-274.25, 3
-272.25, 1
-270.25, 3
-268.25, 1
-266.25, 1
-264.25, 0
-262.25, 0
-260.25, 0
-258.25, 4
-256.25, 1
-254.25, 1
-252.25, 2
-250.25, 1
-248.25, 0
-246.25, 2
-244.25, 1
-242.25, 3
-240.25, 0
-238.25, 5
-236.25, 3
-234.25, 1
-232.25, 2
-230.25, 2
-228.25, 1
-226.25, 5
-224.25, 3
-222.25, 2
-220.25, 3
-218.25, 2
-216.25, 0
-214.25, 3
-212.25, 4
-210.25, 2
-208.25, 1
-206.25, 5
-204.25, 0
-202.25, 6
-200.25, 2
-198.25, 4
-196.25, 7
-194.25, 4
-192.25, 4
-190.25, 7
-188.25, 8
-186.25, 0
-184.25, 5
-182.25, 8
-180.25, 4
-178.25, 6
-176.25, 5
-174.25, 4
-172.25, 3
-170.25, 3
-168.25, 8
-166.25, 7
-164.25, 8
-162.25, 12
-160.25, 6
-158.25, 9
-156.25, 8
-154.25, 9
-152.25, 9
-150.25, 5
-148.25, 8
-146.25, 9
-144.25, 6
-142.25, 11
-140.25, 15
-138.25, 11
-136.25, 16
-134.25, 13
-132.25, 6
-130.25, 14
-128.25, 13
-126.25, 16
-124.25, 7
-122.25, 15
-120.25, 15
-118.25, 8
-116.25, 9
-114.25, 14
-112.25, 12
-110.25, 13
-108.25, 20
-106.25, 17
-104.25, 14
-102.25, 21
-100.25, 11
-98.2497, 18
-96.2497, 19
-94.2497, 19
-92.2497, 26
-90.2497, 22
-88.2497, 16
-86.2497, 28
-84.2497, 29
-82.2497, 21
-80.2497, 22
-78.2497, 34
-76.2497, 29
-74.2497, 20
-72.2497, 24
-70.2497, 35
-68.2497, 25
-66.2497, 31
-64.2497, 27
-62.2497, 30
-60.2497, 36
-58.2497, 30
-56.2497, 52
-54.2497, 55
-52.2497, 55
-50.2497, 52
-48.2497, 40
-46.2497, 49
-44.2497, 42
-42.2497, 50
-40.2497, 53
-38.2497, 48
-36.2497, 56
-34.2497, 49
-32.2497, 53
-30.2497, 54
-28.2497, 63
-26.2497, 55
-24.2497, 64
-22.2497, 80
-20.2497, 92
-18.2497, 65
-16.2497, 86
-14.2497, 92
-12.2497, 86
-10.2497, 93
-8.2497, 109
-6.2497, 122
-4.2497, 218
-2.2497, 1033
-0.249697, 1488
1.7503, 332
3.7503, 187
5.7503, 150
7.7503, 114
9.7503, 132
11.7503, 131
13.7503, 119
15.7503, 102
17.7503, 89
19.7503, 111
21.7503, 81
23.7503, 88
25.7503, 100
27.7503, 79
29.7503, 99
31.7503, 70
33.7503, 86
35.7503, 79
37.7503, 74
39.7503, 84
41.7503, 70
43.7503, 76
45.7503, 93
47.7503, 84
49.7503, 93
51.7503, 89
53.7503, 84
55.7503, 86
57.7503, 78
59.7503, 101
61.7503, 65
63.7503, 69
65.7503, 63
67.7503, 65
69.7503, 80
71.7503, 76
73.7503, 49
75.7503, 77
77.7503, 62
79.7503, 79
81.7503, 50
83.7503, 54
85.7503, 59
87.7503, 71
89.7503, 60
91.7503, 65
93.7503, 55
95.7503, 55
97.7503, 58
99.7503, 61
101.75, 49
103.75, 60
105.75, 58
107.75, 46
109.75, 53
111.75, 56
113.75, 60
115.75, 61
117.75, 59
119.75, 52
121.75, 49
123.75, 49
125.75, 53
127.75, 50
129.75, 58
131.75, 50
133.75, 32
135.75, 31
137.75, 31
139.75, 35
141.75, 36
143.75, 44
145.75, 39
147.75, 30
149.75, 34
151.75, 33
153.75, 34
155.75, 33
157.75, 36
159.75, 23
161.75, 31
163.75, 43
165.75, 37
167.75, 25
169.75, 23
171.75, 29
173.75, 42
175.75, 32
177.75, 23
179.75, 34
181.75, 28
183.75, 32
185.75, 11
187.75, 33
189.75, 28
191.75, 23
193.75, 20
195.75, 17
197.75, 27
199.75, 20
201.75, 21
203.75, 15
205.75, 15
207.75, 25
209.75, 26
211.75, 24
213.75, 22
215.75, 24
217.75, 15
219.75, 13
221.75, 11
223.75, 15
225.75, 13
227.75, 25
229.75, 19
231.75, 13
233.75, 21
235.75, 20
237.75, 20
239.75, 16
241.75, 20
243.75, 10
245.75, 15
247.75, 11
249.75, 7
251.75, 10
253.75, 11
255.75, 7
257.75, 14
259.75, 12
261.75, 13
263.75, 10
265.75, 12
267.75, 9
269.75, 9
271.75, 5
273.75, 11
275.75, 11
277.75, 16
279.75, 3
281.75, 8
283.75, 7
285.75, 8
287.75, 9
289.75, 10
291.75, 2
293.75, 4
295.75, 5
297.75, 7
299.75, 5
301.75, 7
303.75, 1
305.75, 7
307.75, 3
309.75, 7
311.75, 4
313.75, 5
315.75, 6
317.75, 7
319.75, 8
321.75, 5
323.75, 6
325.75, 8
327.75, 6
329.75, 3
331.75, 2
333.75, 4
335.75, 5
337.75, 4
339.75, 2
341.75, 7
343.75, 3
345.75, 3
347.75, 4
349.75, 2
351.75, 5
353.75, 2
355.75, 1
357.75, 2
359.75, 5
361.75, 2
363.75, 3
365.75, 5
367.75, 3
369.75, 2
371.75, 6
373.75, 0
375.75, 1
377.75, 5
379.75, 1
381.75, 5
383.75, 2
385.75, 2
387.75, 4
389.75, 2
391.75, 6
393.75, 1
395.75, 2
397.75, 1
399.75, 2
401.75, 2
