1, 0.005, 76.5316, 253, 27.5787, 4.61241, 253, 27.5787, 4.60853, 5.81467, 4.80064, 2.51635, 1.97858, 6.21068, 4.81674, 3.80478, 1.9944, 2.6067, 4.92214, 1.00315, 0.127317, 1.00012, 5.48154e-08, 0.00249389, 0.00269876, 0.38483, 0.00229717, 0.407901, 0.00144002, 4.81317, 3.80301, 1.99348, 2.60226, 4.92074, 1.02604, 5.1585, 1.00057, 0.000821467, 0.00327938, 0.00391775, 0.384924, 0.00268214, 0.407807, 0.00137741
2, 0.01, 76.6583, 304, 42.1739, 5.59473, 304, 42.1739, 5.58442, 6.2733, 5.20032, 2.65174, 2.33446, 6.63572, 5.25113, 4.19036, 2.13684, 2.97526, 5.34578, 1.00116, 0.00330853, 1.00025, 2.38239e-07, 0.00505723, 0.00608186, 0.386082, 0.00412917, 0.420079, 0.00432006, 5.23666, 4.18053, 2.13364, 2.94612, 5.33684, 1.13555, 250.274, 1.00143, 0.00216705, 0.00699208, 0.00822072, 0.386207, 0.00587377, 0.419954, 0.00375657
3, 0.015, 76.7846, 315, 54.3578, 6.21592, 315, 54.3578, 6.19836, 6.64245, 5.52681, 2.7622, 2.6749, 6.98369, 5.61019, 4.51237, 2.25539, 3.31623, 5.69994, 1.00096, 0.00217921, 1.00039, 5.59559e-07, 0.00685762, 0.00753847, 0.388837, 0.00623526, 0.428218, 0.00701227, 5.59617, 4.50232, 2.25239, 3.28868, 5.69018, 1.12956, 245.365, 1.00182, 0.00297928, 0.0102257, 0.0121566, 0.388586, 0.00845606, 0.428469, 0.00663661
4, 0.02, 76.9105, 1059, 152.575, 8.58025, 1059, 152.575, 8.53981, 7.01509, 5.85028, 2.86371, 3.06599, 7.31056, 5.91692, 4.77703, 2.33865, 3.71406, 5.96755, 1.00198, 0.00668647, 1.00055, 1.08205e-06, 0.0100348, 0.0111692, 0.386771, 0.00901031, 0.43066, 0.00989231, 5.90508, 4.76945, 2.33722, 3.70679, 5.96423, 1.22707, 311.592, 1.00259, 0.0056626, 0.0144599, 0.017184, 0.387365, 0.012021, 0.430065, 0.00892186
5, 0.025, 77.036, 1529, 280.137, 11.1955, 1529, 280.137, 11.1231, 7.29859, 6.0941, 2.94492, 3.21413, 7.56548, 6.14156, 4.96799, 2.40106, 3.90314, 6.16351, 1.00237, 0.0072295, 1.0007, 1.73537e-06, 0.0124554, 0.0128042, 0.382419, 0.0121521, 0.433884, 0.0130228, 6.12472, 4.95665, 2.3983, 3.88145, 6.15681, 1.32196, 1178.14, 1.00325, 0.00701766, 0.0180867, 0.0202216, 0.383171, 0.0161985, 0.433133, 0.0123654
6, 0.03, 77.161, 3090, 915.706, 16.4062, 3090, 915.706, 16.2665, 7.55276, 6.30351, 3.00736, 3.52427, 7.78455, 6.40627, 5.19199, 2.47742, 4.18537, 6.40827, 1.00257, 0.0115391, 1.00088, 2.57722e-06, 0.0144908, 0.015574, 0.388273, 0.0135188, 0.436764, 0.0163724, 6.3766, 5.16942, 2.47145, 4.13439, 6.38974, 1.17438, 274.801, 1.00427, 0.00768698, 0.0213059, 0.0245233, 0.388023, 0.0184353, 0.437015, 0.0139306
7, 0.035, 77.2857, 3551, 1199.29, 16.8276, 3551, 1199.29, 16.6602, 7.87107, 6.57947, 3.09554, 3.92613, 8.0686, 6.65083, 5.39995, 2.54113, 4.59152, 6.61775, 1.00355, 0.0160263, 1.00105, 3.60036e-06, 0.017092, 0.017916, 0.383077, 0.016405, 0.439331, 0.0200351, 6.60412, 5.36685, 2.52997, 4.50438, 6.58563, 1.2527, 334.619, 1.00682, 0.0123693, 0.0254467, 0.0288365, 0.38339, 0.0225572, 0.439018, 0.0152767
8, 0.04, 77.4099, 3949, 1475.67, 19.9887, 3949, 1475.67, 19.7501, 8.20726, 6.8376, 3.17653, 4.6323, 8.36585, 6.97446, 5.65379, 2.62734, 5.2185, 6.91241, 1.00479, 0.0256537, 1.00123, 4.94946e-06, 0.0191212, 0.019943, 0.390465, 0.0184096, 0.438486, 0.0277047, 6.85894, 5.56854, 2.60119, 4.90734, 6.82555, 1.19051, 276.16, 1.01053, 0.0184695, 0.0300813, 0.0338047, 0.391153, 0.0267982, 0.437797, 0.0193464
9, 0.045, 77.5338, 4155, 1632.14, 19.384, 4155, 1632.14, 19.1324, 8.49086, 7.05195, 3.23533, 5.138, 8.57282, 7.19572, 5.81487, 2.66885, 5.67582, 7.06216, 1.00491, 0.0293973, 1.00143, 6.62466e-06, 0.0224244, 0.0224911, 0.394252, 0.0223335, 0.432851, 0.0320248, 7.0725, 5.72596, 2.64345, 5.37863, 6.97197, 1.37705, 1187.57, 1.01099, 0.0225319, 0.0342668, 0.0364602, 0.391998, 0.0323354, 0.435105, 0.0225707
10, 0.05, 77.6573, 4450, 1868.73, 20.2002, 4450, 1868.73, 19.9028, 8.5232, 7.11962, 3.25072, 5.23315, 8.64525, 7.27899, 5.92226, 2.70515, 5.74664, 7.18344, 1.00535, 0.0358002, 1.00157, 8.14103e-06, 0.0248884, 0.0255236, 0.397101, 0.0243373, 0.437516, 0.0380979, 7.12484, 5.81001, 2.67419, 5.40532, 7.07079, 1.36645, 693.816, 1.01307, 0.0260647, 0.0384246, 0.041439, 0.39419, 0.0357626, 0.440427, 0.0260769
11, 0.055, 77.7803, 4427, 1850.93, 20.5859, 4427, 1850.93, 20.2532, 8.72039, 7.2521, 3.29308, 5.51259, 8.77856, 7.42906, 6.01589, 2.73329, 6.00915, 7.27606, 1.00584, 0.0266733, 1.00174, 9.98139e-06, 0.0268015, 0.0278056, 0.39876, 0.0258448, 0.433978, 0.0421988, 7.27655, 5.89835, 2.7012, 5.63029, 7.16279, 1.40835, 759.072, 1.01457, 0.0353031, 0.0419515, 0.0462409, 0.395943, 0.0380406, 0.436796, 0.0302717
12, 0.06, 77.903, 4744, 2122.67, 22.0628, 4744, 2122.67, 21.6714, 8.86279, 7.38194, 3.33191, 5.58293, 8.91656, 7.51885, 6.09435, 2.75257, 6.10206, 7.35424, 1.00563, 0.0264002, 1.00192, 1.17412e-05, 0.0296047, 0.0303823, 0.393345, 0.0289119, 0.435731, 0.0496494, 7.358, 5.97589, 2.71963, 5.72934, 7.23747, 1.44731, 764.477, 1.01606, 0.0384036, 0.0462551, 0.0500947, 0.389651, 0.0428356, 0.439425, 0.0327448
13, 0.065, 78.0253, 4809, 2180.76, 22.3457, 4809, 2180.76, 21.9169, 8.9339, 7.43092, 3.34198, 5.72169, 8.95276, 7.60612, 6.15868, 2.77187, 6.20927, 7.41289, 1.00612, 0.0298438, 1.00208, 1.39229e-05, 0.0315355, 0.0331329, 0.399073, 0.0300206, 0.433571, 0.0484598, 7.46112, 6.04715, 2.74161, 5.84443, 7.30811, 1.49174, 1548.66, 1.01494, 0.0342458, 0.0500614, 0.0553664, 0.397414, 0.0451136, 0.43523, 0.0355309
14, 0.07, 78.1472, 4959, 2316.98, 22.591, 4959, 2316.98, 22.1238, 9.03783, 7.51408, 3.37196, 5.91033, 9.04657, 7.70548, 6.23633, 2.8011, 6.37864, 7.50134, 1.00725, 0.0362475, 1.00226, 1.67181e-05, 0.0343997, 0.0348706, 0.399324, 0.0339554, 0.434917, 0.0617643, 7.51678, 6.10002, 2.76273, 5.94555, 7.37134, 1.47062, 753.96, 1.01892, 0.0469758, 0.0540644, 0.0595057, 0.396256, 0.0489935, 0.437985, 0.0428562
15, 0.075, 78.2688, 5073, 2423.65, 22.8782, 5073, 2423.65, 22.3777, 9.17948, 7.63336, 3.40435, 6.0691, 9.16697, 7.80497, 6.31553, 2.81937, 6.53481, 7.57243, 1.00739, 0.0421586, 1.00243, 1.92012e-05, 0.0375928, 0.0375859, 0.396006, 0.0376418, 0.43595, 0.0618896, 7.62898, 6.18656, 2.78259, 6.12699, 7.44838, 1.50433, 770.41, 1.01925, 0.0479269, 0.0588734, 0.0649044, 0.395317, 0.0533709, 0.436639, 0.0440771
16, 0.08, 78.3899, 5314, 2657.34, 28.6737, 5314, 2657.34, 27.9888, 9.2929, 7.73334, 3.43595, 6.19545, 9.27484, 7.92218, 6.41579, 2.8539, 6.65327, 7.68392, 1.00902, 0.0550109, 1.00264, 2.23277e-05, 0.0388954, 0.0394849, 0.403206, 0.038327, 0.431505, 0.0649574, 7.71394, 6.25902, 2.80899, 6.15907, 7.53267, 1.45415, 746.715, 1.02218, 0.05424, 0.0617499, 0.0689236, 0.401766, 0.0549627, 0.432945, 0.0458928
17, 0.085, 78.5107, 5500, 2844.29, 27.995, 5500, 2844.29, 27.2838, 9.58867, 7.96389, 3.50009, 7.36824, 9.50403, 8.15615, 6.58911, 2.90024, 7.64094, 7.85572, 1.0106, 0.0741355, 1.00283, 2.62164e-05, 0.0413914, 0.0418452, 0.401077, 0.040964, 0.432131, 0.0815803, 7.78362, 6.30509, 2.82098, 6.35325, 7.58123, 1.48174, 703.154, 1.02887, 0.0689901, 0.0671861, 0.0753848, 0.399512, 0.0595066, 0.433696, 0.0513711
18, 0.09, 78.6311, 5493, 2837.73, 39.9539, 5493, 2837.73, 38.8621, 9.60658, 7.98958, 3.50663, 7.3137, 9.53219, 8.16247, 6.60026, 2.90121, 7.59411, 7.86673, 1.00951, 0.0662797, 1.00303, 2.91919e-05, 0.0436866, 0.0448855, 0.402298, 0.0425742, 0.429909, 0.0828638, 7.79088, 6.31269, 2.82168, 6.27755, 7.58213, 1.62111, 1781.04, 1.02945, 0.0801547, 0.0707313, 0.0778212, 0.399731, 0.0641346, 0.432476, 0.0576321
19, 0.095, 78.7512, 5789, 3149.99, 32.2852, 5789, 3149.99, 31.3418, 9.93191, 8.21195, 3.579, 7.76752, 9.76024, 8.44885, 6.7945, 2.96612, 8.01895, 8.06783, 1.01332, 0.174909, 1.00323, 3.26131e-05, 0.0453886, 0.0451209, 0.405804, 0.0456398, 0.428156, 0.0894065, 8.06211, 6.50108, 2.88374, 6.67263, 7.78031, 1.63457, 1765.99, 1.03136, 0.0842918, 0.0747588, 0.0805343, 0.402204, 0.0693465, 0.431756, 0.0584773
20, 0.1, 78.8708, 5775, 3135.55, 39.0553, 5775, 3135.55, 37.8647, 9.99347, 8.24356, 3.58049, 7.82599, 9.78398, 8.53988, 6.85322, 2.98194, 8.05233, 8.1254, 1.01352, 0.108997, 1.00342, 3.60384e-05, 0.0468155, 0.0470687, 0.40956, 0.0465583, 0.428813, 0.0959492, 8.10706, 6.53015, 2.89217, 6.6577, 7.80611, 1.55468, 931.325, 1.03407, 0.0926319, 0.0780369, 0.0852124, 0.404426, 0.0713242, 0.433947, 0.0617017
21, 0.105, 78.9902, 5674, 3027.45, 31.0574, 5674, 3027.45, 30.0836, 10.1166, 8.368, 3.62331, 8.06114, 9.9244, 8.59003, 6.90478, 2.9954, 8.276, 8.17737, 1.01168, 0.0896819, 1.00364, 4.04402e-05, 0.0499151, 0.0518068, 0.403362, 0.0481801, 0.429189, 0.104433, 8.15314, 6.58109, 2.9058, 6.84047, 7.86378, 1.64802, 1503.22, 1.03501, 0.09924, 0.0819612, 0.0913158, 0.399199, 0.0732429, 0.433352, 0.0664914
22, 0.11, 79.1091, 5911, 3284.94, 28.498, 5911, 3284.94, 27.5576, 10.2875, 8.48863, 3.65667, 8.3045, 10.0458, 8.75413, 7.02088, 3.03026, 8.49112, 8.29844, 1.0138, 0.226357, 1.00384, 4.46144e-05, 0.0521334, 0.0532842, 0.407995, 0.0510316, 0.426903, 0.105998, 8.28193, 6.66069, 2.93117, 6.95962, 7.9458, 1.64343, 1582.42, 1.03701, 0.104731, 0.0847758, 0.0925249, 0.404552, 0.0773115, 0.430347, 0.0678062
23, 0.115, 79.2277, 5802, 3165.77, 30.7298, 5802, 3165.77, 29.6876, 10.5927, 8.68897, 3.72497, 9.32519, 10.2701, 9.04201, 7.21386, 3.09743, 9.33922, 8.51421, 1.01355, 0.110835, 1.00405, 5.11785e-05, 0.0548608, 0.0567578, 0.40668, 0.0530491, 0.431662, 0.113605, 8.47583, 6.8044, 2.9812, 7.39562, 8.10614, 1.69913, 1870.69, 1.04051, 0.115641, 0.088911, 0.0979073, 0.401734, 0.0805396, 0.436608, 0.0689331
24, 0.12, 79.346, 5749, 3108.49, 27.7291, 5749, 3108.49, 26.7581, 10.5846, 8.69349, 3.7251, 9.30332, 10.2701, 9.01565, 7.19594, 3.08892, 9.30815, 8.4876, 1.01524, 0.129086, 1.00425, 5.52815e-05, 0.0569708, 0.0585324, 0.408027, 0.0554552, 0.428281, 0.114544, 8.45467, 6.78274, 2.97157, 7.353, 8.07077, 1.62111, 1642.4, 1.04112, 0.110416, 0.0913489, 0.0994268, 0.401734, 0.0837954, 0.434573, 0.070874
25, 0.125, 79.4639, 5803, 3166.23, 33.3934, 5803, 3166.23, 32.1466, 10.6019, 8.72992, 3.73703, 9.60445, 10.3086, 9.00125, 7.19716, 3.08658, 9.5468, 8.48615, 1.0165, 0.351532, 1.0044, 5.99041e-05, 0.058511, 0.0599885, 0.403456, 0.0571214, 0.429846, 0.117174, 8.44597, 6.78536, 2.96872, 7.46455, 8.07569, 1.54899, 1371.72, 1.04088, 0.11728, 0.0938641, 0.102902, 0.3966, 0.0856434, 0.436702, 0.0791698
26, 0.13, 79.5814, 5809, 3173.27, 28.3157, 5809, 3173.27, 27.2423, 10.6855, 8.72939, 3.73981, 9.76631, 10.3187, 9.15915, 7.27199, 3.12147, 9.66161, 8.58221, 1.02086, 0.420993, 1.00458, 6.45884e-05, 0.06082, 0.0616334, 0.4074, 0.0600328, 0.435011, 0.127974, 8.53588, 6.84059, 2.99569, 7.46168, 8.15169, 1.75873, 1922.85, 1.04294, 0.111335, 0.0960902, 0.106156, 0.403832, 0.0867783, 0.43858, 0.0795141
27, 0.135, 79.6986, 6025, 3411.77, 34.543, 6025, 3411.77, 33.152, 10.8324, 8.85371, 3.77458, 9.7964, 10.4348, 9.24411, 7.33843, 3.13467, 9.70829, 8.63515, 1.01624, 0.129821, 1.0048, 7.0435e-05, 0.0630721, 0.0630704, 0.405835, 0.0630599, 0.432632, 0.1286, 8.62284, 6.90007, 3.00705, 7.52545, 8.19764, 1.54899, 1104.41, 1.04467, 0.117602, 0.100208, 0.110668, 0.401891, 0.090482, 0.436577, 0.0844916
28, 0.14, 79.8155, 5829, 3194.64, 36.2209, 5829, 3194.64, 34.7225, 10.7317, 8.80037, 3.76059, 9.79311, 10.3884, 9.178, 7.30981, 3.12922, 9.68004, 8.61548, 1.01689, 0.12964, 1.00492, 7.44543e-05, 0.0674651, 0.0693646, 0.408434, 0.0656219, 0.431912, 0.133546, 8.57732, 6.88926, 3.00788, 7.55633, 8.20133, 1.76023, 3901.99, 1.04399, 0.116359, 0.106421, 0.117663, 0.404207, 0.095881, 0.436138, 0.0894378
29, 0.145, 79.932, 6000, 3383.66, 57.6071, 6000, 3383.66, 55.127, 10.8681, 8.8727, 3.78558, 9.9082, 10.464, 9.27968, 7.35495, 3.14383, 9.77764, 8.65863, 1.02243, 0.421343, 1.00514, 8.05141e-05, 0.0692695, 0.0711728, 0.402893, 0.0674565, 0.436138, 0.137209, 8.62829, 6.90304, 3.0127, 7.54516, 8.21635, 1.54149, 1069.13, 1.04846, 0.13469, 0.109758, 0.123586, 0.402016, 0.0969159, 0.437015, 0.0918169
30, 0.15, 80.0482, 6039, 3427.6, 45.2, 6039, 3427.6, 43.1839, 11.0181, 9.00686, 3.8261, 10.1627, 10.6091, 9.43526, 7.48657, 3.18674, 9.99828, 8.80105, 1.02137, 0.251564, 1.00543, 8.95141e-05, 0.0715997, 0.0736673, 0.405867, 0.0695893, 0.436138, 0.146632, 8.74455, 7.00502, 3.04674, 7.70487, 8.32924, 1.63783, 3611.38, 1.05121, 0.134901, 0.112168, 0.125024, 0.404865, 0.100128, 0.43714, 0.0976396
31, 0.155, 80.164, 6035, 3423.09, 55.4604, 6035, 3423.09, 52.903, 11.0048, 8.98908, 3.8224, 10.2876, 10.5921, 9.41598, 7.46091, 3.17955, 10.0762, 8.77281, 1.01892, 0.183051, 1.00556, 9.40535e-05, 0.0745305, 0.0749424, 0.40499, 0.0741193, 0.436201, 0.150545, 8.69328, 6.95698, 3.03122, 7.65932, 8.27428, 1.76041, 3869.81, 1.05368, 0.141448, 0.117403, 0.129732, 0.403456, 0.105975, 0.437735, 0.0997057
32, 0.16, 80.2796, 6090, 3485.62, 56.3711, 6090, 3485.62, 53.6929, 11.0992, 9.04282, 3.8428, 10.4971, 10.6308, 9.50013, 7.50418, 3.19694, 10.2438, 8.80473, 1.02094, 0.199352, 1.00576, 0.000101192, 0.0775716, 0.0785239, 0.404677, 0.0766208, 0.436983, 0.162441, 8.75307, 6.98584, 3.0404, 7.68643, 8.30076, 2.08011, 6187.38, 1.05635, 0.144254, 0.123352, 0.136483, 0.405366, 0.111032, 0.436295, 0.104151
33, 0.165, 80.3947, 6080, 3474.25, 55.9295, 6080, 3474.25, 53.1961, 11.1135, 9.0832, 3.85455, 10.6372, 10.6736, 9.51121, 7.53481, 3.20476, 10.3454, 8.83543, 1.02927, 0.666854, 1.00601, 0.000108544, 0.0785558, 0.0797796, 0.407056, 0.0773443, 0.43451, 0.167261, 8.78118, 7.02152, 3.05096, 7.80094, 8.34235, 1.86993, 5616.28, 1.05588, 0.146685, 0.124452, 0.137283, 0.406148, 0.112472, 0.435418, 0.109285
34, 0.17, 80.5096, 6170, 3577.68, 33.0374, 6170, 3577.68, 31.4372, 11.2654, 9.19718, 3.89444, 10.7858, 10.8081, 9.59366, 7.586, 3.21976, 10.4831, 8.89209, 1.03653, 1.23945, 1.00623, 0.000115672, 0.0812387, 0.0819808, 0.402016, 0.0805208, 0.435136, 0.173679, 8.84179, 7.06717, 3.06412, 7.8709, 8.38502, 1.88195, 5642.17, 1.05748, 0.155429, 0.126544, 0.140705, 0.402893, 0.113467, 0.43426, 0.113386
35, 0.175, 80.6241, 6079, 3473.12, 56.0249, 6079, 3473.12, 53.1395, 11.2073, 9.1676, 3.88419, 10.7263, 10.7706, 9.54602, 7.55808, 3.21045, 10.4114, 8.85747, 1.02521, 0.312732, 1.00642, 0.000122519, 0.0843345, 0.0862675, 0.402517, 0.0825522, 0.43473, 0.173428, 8.79045, 7.03177, 3.0517, 7.85703, 8.3434, 1.79814, 5397.94, 1.05905, 0.148388, 0.132396, 0.147949, 0.402423, 0.117978, 0.434823, 0.115765
36, 0.18, 80.7383, 6122, 3522.27, 56.807, 6122, 3522.27, 53.8, 11.3667, 9.23878, 3.90345, 11.0823, 10.8332, 9.70386, 7.63274, 3.23379, 10.6938, 8.92992, 1.02621, 0.26263, 1.00661, 0.000129186, 0.0870341, 0.0881254, 0.40427, 0.0859937, 0.435324, 0.183978, 8.90571, 7.08864, 3.06983, 8.04437, 8.40459, 1.93461, 5643.3, 1.06128, 0.163838, 0.135703, 0.150653, 0.405209, 0.121747, 0.434385, 0.118739
37, 0.185, 80.8522, 6062, 3453.81, 39.9463, 6062, 3453.81, 37.8059, 11.3487, 9.26561, 3.90846, 11.1533, 10.8458, 9.6718, 7.63572, 3.23021, 10.7282, 8.91562, 1.02547, 0.258232, 1.00681, 0.000138053, 0.0904315, 0.0920816, 0.40812, 0.0888818, 0.429846, 0.190208, 8.84022, 7.06886, 3.05911, 7.96976, 8.36988, 1.84923, 3928.88, 1.06333, 0.166547, 0.139061, 0.153053, 0.406524, 0.125812, 0.431443, 0.118645
38, 0.19, 80.9657, 6044, 3433.32, 57.9658, 6044, 3433.32, 54.7411, 11.2954, 9.25465, 3.90528, 11.044, 10.8513, 9.59272, 7.59447, 3.21364, 10.6263, 8.87881, 1.02601, 0.233562, 1.00702, 0.00014328, 0.091488, 0.093141, 0.398635, 0.0899154, 0.435982, 0.191272, 8.77204, 7.02455, 3.04368, 7.89689, 8.32786, 1.84221, 3813.69, 1.06411, 0.168814, 0.139596, 0.155101, 0.40067, 0.125226, 0.433947, 0.122339
39, 0.195, 81.079, 6037, 3425.49, 31.5138, 6037, 3425.49, 29.7984, 11.4567, 9.33438, 3.93176, 11.2829, 10.9136, 9.71913, 7.64859, 3.23112, 10.817, 8.9246, 1.03313, 1.07532, 1.0072, 0.000152054, 0.092854, 0.0948551, 0.400983, 0.0909798, 0.432851, 0.211088, 8.88618, 7.09144, 3.06426, 8.10488, 8.39578, 2.07223, 5952.08, 1.06435, 0.175433, 0.143312, 0.158455, 0.405397, 0.12893, 0.428437, 0.131292
40, 0.2, 81.1919, 6219, 3634.53, 37.2633, 6219, 3634.53, 35.1713, 11.5999, 9.3784, 3.94013, 11.2862, 10.9828, 9.91028, 7.74437, 3.26298, 10.817, 9.04531, 1.02647, 0.316544, 1.0074, 0.000158584, 0.0946162, 0.0961012, 0.404458, 0.0931981, 0.436138, 0.203982, 9.05779, 7.18237, 3.0967, 8.15397, 8.49984, 1.95502, 5614.25, 1.06311, 0.159375, 0.146583, 0.159155, 0.407776, 0.134652, 0.43282, 0.13627
41, 0.205, 81.3045, 6184, 3593.81, 37.5136, 6184, 3593.81, 35.3417, 11.1886, 9.12391, 3.86415, 9.8666, 10.7003, 9.50551, 7.48264, 3.18043, 9.67072, 8.75518, 1.03133, 0.859235, 1.00733, 0.00015627, 0.0986838, 0.101145, 0.402454, 0.0963532, 0.43235, 0.199537, 8.8118, 7.01282, 3.04007, 7.56453, 8.30981, 1.88164, 3888.16, 1.05968, 0.151094, 0.149584, 0.164709, 0.403926, 0.135349, 0.430879, 0.134767
42, 0.21, 81.4168, 6125, 3525.69, 48.3761, 6125, 3525.69, 45.4934, 11.3243, 9.2379, 3.8955, 10.3091, 10.8106, 9.59936, 7.55419, 3.19699, 10.0218, 8.82208, 1.0347, 1.19284, 1.00758, 0.000167863, 0.098147, 0.100054, 0.403112, 0.0963585, 0.429815, 0.208897, 8.84492, 7.06058, 3.04794, 7.80332, 8.34722, 2.07047, 4583.85, 1.06415, 0.184713, 0.151496, 0.166442, 0.405929, 0.137216, 0.426997, 0.13724
43, 0.215, 81.5288, 6136, 3538.35, 65.8959, 6136, 3538.35, 61.8264, 11.1177, 9.0844, 3.84511, 9.95578, 10.6457, 9.47383, 7.46907, 3.17297, 9.68494, 8.7372, 1.03502, 1.18296, 1.0076, 0.000173885, 0.101471, 0.104179, 0.41003, 0.0989243, 0.427498, 0.212716, 8.78469, 7.00179, 3.03288, 7.56765, 8.29006, 1.88031, 3862.87, 1.06214, 0.16846, 0.152473, 0.167084, 0.408715, 0.138488, 0.428813, 0.138555
44, 0.22, 81.6405, 6174, 3582.28, 47.2406, 6174, 3582.28, 44.2728, 11.1887, 9.15068, 3.8639, 9.95128, 10.7143, 9.56486, 7.54911, 3.19948, 9.68848, 8.81608, 1.02623, 0.231949, 1.00776, 0.000180346, 0.101856, 0.102182, 0.411533, 0.101603, 0.429095, 0.216911, 8.87441, 7.08096, 3.0605, 7.62446, 8.36953, 2.09552, 5849.52, 1.06228, 0.165016, 0.154916, 0.168147, 0.41075, 0.142233, 0.429877, 0.141717
45, 0.225, 81.7519, 6199, 3611.24, 49.9468, 6199, 3611.24, 46.7964, 11.2726, 9.22864, 3.88928, 10.1641, 10.7827, 9.57369, 7.55397, 3.19601, 9.87034, 8.80693, 1.0386, 1.39968, 1.008, 0.000188236, 0.103994, 0.104017, 0.409404, 0.104184, 0.425213, 0.220511, 8.85612, 7.05491, 3.04965, 7.73037, 8.34022, 2.09505, 5905.76, 1.0643, 0.180107, 0.156143, 0.170491, 0.411533, 0.142289, 0.423084, 0.142593
46, 0.23, 81.8629, 6223, 3639.23, 44.4079, 6223, 3639.23, 41.5137, 11.3771, 9.29448, 3.90594, 10.2128, 10.8625, 9.67549, 7.61495, 3.21282, 9.89145, 8.88061, 1.04366, 2.16934, 1.00829, 0.000207901, 0.105677, 0.106933, 0.408183, 0.10459, 0.427842, 0.228588, 8.88461, 7.07986, 3.05728, 7.64147, 8.37025, 1.85482, 1371.58, 1.06778, 0.187134, 0.159183, 0.173053, 0.409592, 0.145854, 0.426434, 0.149887
47, 0.235, 81.9737, 6048, 3437.93, 40.0778, 6048, 3437.93, 37.4337, 11.1736, 9.15525, 3.87062, 10.1682, 10.7178, 9.52548, 7.51771, 3.19081, 9.81578, 8.77806, 1.03351, 0.419364, 1.00836, 0.000210971, 0.105065, 0.107268, 0.405334, 0.102974, 0.432663, 0.226991, 8.78588, 7.01154, 3.04169, 7.63372, 8.29691, 2.20678, 4673.71, 1.06814, 0.203583, 0.160386, 0.177257, 0.403832, 0.144669, 0.434166, 0.148573
48, 0.24, 82.0842, 6108, 3506.28, 42.5721, 6108, 3506.28, 39.7264, 11.2446, 9.22917, 3.88924, 10.2539, 10.7833, 9.58014, 7.56989, 3.20329, 9.8838, 8.82122, 1.04252, 1.4103, 1.00853, 0.000220511, 0.108384, 0.109145, 0.405553, 0.107705, 0.431975, 0.232688, 8.83239, 7.05201, 3.05227, 7.7098, 8.32821, 1.85721, 1353.31, 1.06707, 0.174778, 0.16388, 0.179378, 0.404646, 0.149325, 0.432883, 0.150701
49, 0.245, 82.1944, 6233, 3650.94, 46.2408, 6233, 3650.94, 43.0153, 11.2235, 9.19099, 3.87773, 10.0139, 10.7504, 9.56824, 7.53813, 3.19553, 9.67677, 8.80009, 1.04334, 1.78427, 1.00868, 0.000229011, 0.111356, 0.114661, 0.41075, 0.108243, 0.427342, 0.231311, 8.85537, 7.05829, 3.0543, 7.66295, 8.34054, 2.12378, 1912.72, 1.06755, 0.179495, 0.168899, 0.184986, 0.407901, 0.15366, 0.43019, 0.153112
50, 0.25, 82.3043, 6225, 3641.51, 42.4996, 6225, 3641.51, 39.5482, 10.9537, 9.00193, 3.82077, 8.86921, 10.556, 9.35331, 7.39986, 3.1542, 8.7656, 8.65703, 1.04256, 1.69495, 1.00865, 0.00023053, 0.113833, 0.11778, 0.409717, 0.110128, 0.429502, 0.22264, 8.8307, 7.05632, 3.0523, 7.65653, 8.3348, 1.74208, 1103.12, 1.06038, 0.148514, 0.170049, 0.186577, 0.40812, 0.154438, 0.431098, 0.155522
51, 0.255, 82.4138, 6195, 3606.5, 42.7299, 6195, 3606.5, 39.7185, 10.8172, 8.86819, 3.78982, 8.12761, 10.4301, 9.24343, 7.30248, 3.13233, 8.20682, 8.56668, 1.04045, 1.65921, 1.00859, 0.000222646, 0.115098, 0.116615, 0.40931, 0.113744, 0.430378, 0.222734, 8.68701, 6.95465, 3.03176, 7.28418, 8.25481, 1.93008, 1557.56, 1.06174, 0.15262, 0.172277, 0.192117, 0.409498, 0.153527, 0.43019, 0.155084
52, 0.26, 82.5231, 6241, 3660.11, 30.7551, 6241, 3660.11, 28.6709, 10.8837, 8.89979, 3.79602, 8.02693, 10.4604, 9.29088, 7.31664, 3.13364, 8.12608, 8.578, 1.03285, 0.2584, 1.00873, 0.000231041, 0.116493, 0.120075, 0.413411, 0.113144, 0.425432, 0.234035, 8.76997, 6.98711, 3.04134, 7.39331, 8.28411, 1.83576, 1459.16, 1.06235, 0.154416, 0.174538, 0.194135, 0.414601, 0.155682, 0.424242, 0.166698
53, 0.265, 82.6322, 6217, 3632.05, 54.8437, 6217, 3632.05, 50.8408, 10.7413, 8.84361, 3.7794, 7.96928, 10.4251, 9.14945, 7.25052, 3.11176, 8.06862, 8.52291, 1.05905, 3.42134, 1.00866, 0.000233622, 0.120314, 0.123885, 0.411345, 0.116904, 0.425244, 0.222577, 8.74781, 6.99497, 3.03737, 7.55534, 8.29091, 1.88003, 1523.88, 1.05843, 0.145145, 0.178881, 0.195655, 0.40956, 0.162961, 0.427029, 0.163223
54, 0.27, 82.7409, 6255, 3676.54, 35.6689, 6255, 3676.54, 33.1571, 10.935, 8.97108, 3.82625, 8.47736, 10.5674, 9.30685, 7.3433, 3.1456, 8.44278, 8.62431, 1.05336, 3.38278, 1.00902, 0.000257635, 0.119066, 0.121826, 0.409686, 0.116366, 0.426434, 0.238981, 8.80441, 7.01682, 3.04908, 7.52445, 8.3149, 1.81095, 1424.92, 1.06521, 0.163424, 0.179803, 0.195533, 0.407307, 0.164929, 0.428813, 0.173491
55, 0.275, 82.8493, 6253, 3674.23, 32.2404, 6253, 3674.23, 29.8812, 11.1324, 9.09979, 3.86028, 8.78614, 10.6991, 9.48998, 7.46394, 3.17941, 8.70232, 8.74986, 1.04475, 2.14825, 1.00911, 0.000267241, 0.121627, 0.125596, 0.407807, 0.117824, 0.430096, 0.237134, 8.97834, 7.13502, 3.0826, 7.76512, 8.44649, 1.79661, 1149.82, 1.06397, 0.158492, 0.182051, 0.197844, 0.404833, 0.167391, 0.43307, 0.178093
56, 0.28, 82.9575, 6298, 3727.17, 38.6376, 6298, 3727.17, 35.6791, 11.2145, 9.15523, 3.88044, 8.93866, 10.7332, 9.53544, 7.48526, 3.18639, 8.83011, 8.75532, 1.05946, 4.01025, 1.00921, 0.000276139, 0.124208, 0.128335, 0.406931, 0.120231, 0.428688, 0.242017, 8.92161, 7.08099, 3.06439, 7.50224, 8.37099, 1.80247, 1117.33, 1.06879, 0.164885, 0.184639, 0.203322, 0.40355, 0.167302, 0.432069, 0.176434
57, 0.285, 83.0654, 6293, 3721.26, 51.0017, 6293, 3721.26, 47.0015, 11.079, 9.03829, 3.8417, 8.82398, 10.6145, 9.502, 7.45829, 3.18386, 8.67906, 8.73382, 1.04048, 0.631574, 1.00925, 0.000283618, 0.126599, 0.1298, 0.414788, 0.123447, 0.42875, 0.24809, 8.89989, 7.07414, 3.06675, 7.38311, 8.36807, 1.74887, 1084.18, 1.06845, 0.167316, 0.187151, 0.205437, 0.413192, 0.169719, 0.430347, 0.179157
58, 0.29, 83.173, 6327, 3761.57, 51.9801, 6327, 3761.57, 47.9606, 11.0093, 9.01122, 3.83275, 8.63944, 10.5905, 9.41504, 7.41077, 3.1658, 8.52007, 8.68552, 1.05699, 2.85529, 1.00927, 0.00028712, 0.126067, 0.131097, 0.40906, 0.121304, 0.431662, 0.244334, 8.81267, 7.02138, 3.04537, 7.14714, 8.30337, 1.76332, 945.234, 1.06908, 0.172478, 0.187035, 0.205919, 0.408684, 0.169358, 0.432037, 0.183008
59, 0.295, 83.2803, 6311, 3742.53, 45.8348, 6311, 3742.53, 42.1988, 10.9014, 8.93828, 3.80907, 8.46108, 10.5225, 9.29552, 7.3206, 3.13522, 8.35281, 8.59023, 1.03799, 0.455558, 1.00924, 0.000293386, 0.128852, 0.133268, 0.410969, 0.12462, 0.426841, 0.25191, 8.63305, 6.8878, 3.00355, 6.79805, 8.16348, 1.83091, 1330.22, 1.07133, 0.181823, 0.190176, 0.207171, 0.408715, 0.174092, 0.429095, 0.183509
60, 0.3, 83.3873, 6314, 3746.07, 66.4517, 6314, 3746.07, 60.8861, 10.9022, 8.93169, 3.80872, 8.46992, 10.5154, 9.28876, 7.30595, 3.13131, 8.35057, 8.58124, 1.0544, 3.03243, 1.00938, 0.000303786, 0.130096, 0.134329, 0.410844, 0.126079, 0.426215, 0.256417, 8.62597, 6.87151, 2.99978, 6.84337, 8.15372, 1.94099, 1444.57, 1.07247, 0.182818, 0.190719, 0.208317, 0.406962, 0.174156, 0.430096, 0.189644
61, 0.305, 83.4941, 6356, 3796.07, 64.6249, 6356, 3796.07, 59.1463, 10.8581, 8.91553, 3.80557, 8.40385, 10.5014, 9.29721, 7.32945, 3.14566, 8.28508, 8.61688, 1.06086, 3.00456, 1.00941, 0.000307041, 0.13027, 0.135754, 0.415008, 0.125004, 0.426653, 0.259329, 8.57019, 6.85849, 3.00263, 6.65858, 8.15562, 1.80355, 1171.68, 1.07461, 0.183756, 0.192057, 0.211764, 0.409874, 0.173443, 0.431787, 0.181662
62, 0.31, 83.6006, 6245, 3665.22, 67.294, 6245, 3665.22, 61.5934, 10.8004, 8.89778, 3.7989, 8.35471, 10.4717, 9.20135, 7.27027, 3.12128, 8.23894, 8.53413, 1.06436, 4.68732, 1.00961, 0.000318193, 0.131923, 0.136836, 0.403268, 0.127367, 0.433571, 0.261958, 8.45736, 6.78316, 2.97439, 6.58562, 8.063, 1.94837, 1419.43, 1.07645, 0.183979, 0.194291, 0.214656, 0.401891, 0.175535, 0.434949, 0.18426
63, 0.315, 83.7068, 6275, 3700.26, 55.9547, 6275, 3700.26, 51.125, 10.8835, 8.92593, 3.81037, 8.42468, 10.5067, 9.21707, 7.24132, 3.10908, 8.2983, 8.50715, 1.05959, 3.07176, 1.00981, 0.000328279, 0.133408, 0.138711, 0.40524, 0.128358, 0.426152, 0.258765, 8.49568, 6.77055, 2.96649, 6.67635, 8.05362, 2.01296, 1323.28, 1.07582, 0.183336, 0.197252, 0.215698, 0.400858, 0.180245, 0.430535, 0.184197
64, 0.32, 83.8128, 6328, 3762.91, 42.2353, 6328, 3762.91, 38.7318, 10.9083, 8.95018, 3.81383, 8.59353, 10.5242, 9.2845, 7.29748, 3.12846, 8.41082, 8.56224, 1.05858, 3.01083, 1.00996, 0.000338528, 0.13483, 0.142173, 0.405178, 0.127903, 0.430942, 0.268251, 8.54514, 6.81733, 2.97817, 6.70613, 8.09591, 1.92831, 1163.45, 1.07983, 0.198539, 0.198463, 0.220624, 0.403706, 0.17786, 0.432413, 0.19049
65, 0.325, 83.9185, 6367, 3809.23, 60.4543, 6367, 3809.23, 55.1797, 10.9606, 8.98677, 3.82365, 8.6367, 10.5633, 9.32482, 7.32197, 3.13421, 8.44624, 8.58383, 1.07698, 8.23893, 1.01015, 0.000350349, 0.13575, 0.141488, 0.402767, 0.130413, 0.433008, 0.269722, 8.57551, 6.84225, 2.98446, 6.76239, 8.11597, 2.03766, 1522.07, 1.07967, 0.196476, 0.200464, 0.219378, 0.401734, 0.182952, 0.434041, 0.189895
66, 0.33, 84.0239, 6362, 3803.35, 73.6774, 6362, 3803.35, 67.0131, 10.7794, 8.90069, 3.80062, 8.45813, 10.4764, 9.18376, 7.25841, 3.11903, 8.28068, 8.52373, 1.07142, 7.21907, 1.01021, 0.000364186, 0.13955, 0.148735, 0.403863, 0.131037, 0.432976, 0.273353, 8.50576, 6.81855, 2.9776, 6.7123, 8.09831, 1.94969, 1217.93, 1.07946, 0.200938, 0.205069, 0.226758, 0.403143, 0.184865, 0.433696, 0.192837
67, 0.335, 84.1291, 6392, 3839.19, 50.4577, 6392, 3839.19, 45.9242, 10.8284, 8.92418, 3.80355, 8.49015, 10.5023, 9.22045, 7.27024, 3.11876, 8.29896, 8.52729, 1.08094, 8.99973, 1.01043, 0.000373258, 0.141385, 0.149069, 0.402986, 0.134221, 0.433415, 0.278143, 8.54464, 6.83025, 2.97722, 6.74344, 8.10263, 1.94093, 1117.36, 1.08006, 0.202725, 0.207151, 0.228522, 0.399293, 0.187688, 0.437109, 0.198065
68, 0.34, 84.234, 6331, 3766.39, 72.4666, 6331, 3766.39, 65.7403, 10.947, 8.99762, 3.83568, 8.67621, 10.5808, 9.29038, 7.29917, 3.13244, 8.46386, 8.5575, 1.05124, 1.30945, 1.01068, 0.000391117, 0.142499, 0.148943, 0.40236, 0.136466, 0.431098, 0.286407, 8.57012, 6.83954, 2.9826, 6.8865, 8.11005, 1.93869, 1130.03, 1.08422, 0.204811, 0.210104, 0.232172, 0.399887, 0.189636, 0.433571, 0.196375
69, 0.345, 84.3386, 6369, 3811.76, 45.8242, 6369, 3811.76, 41.6529, 10.9253, 8.99601, 3.83113, 8.82795, 10.5738, 9.31455, 7.338, 3.1446, 8.56933, 8.60009, 1.05669, 1.06619, 1.01066, 0.000391055, 0.143207, 0.149281, 0.404145, 0.137635, 0.433571, 0.286658, 8.58264, 6.85547, 2.99007, 6.85103, 8.12481, 1.87565, 1205.06, 1.08346, 0.201213, 0.21074, 0.229496, 0.398479, 0.193762, 0.439237, 0.200758
70, 0.35, 84.443, 6365, 3806.99, 45.5087, 6365, 3806.99, 41.3522, 10.8446, 8.9523, 3.81849, 8.50993, 10.5431, 9.25069, 7.30577, 3.13646, 8.33256, 8.58358, 1.06299, 3.11057, 1.01068, 0.000389686, 0.145026, 0.150908, 0.409842, 0.1394, 0.428249, 0.288286, 8.56511, 6.84504, 2.98874, 6.73889, 8.13275, 1.80037, 978.353, 1.08248, 0.199958, 0.2127, 0.23188, 0.403926, 0.19487, 0.434166, 0.204765
71, 0.355, 84.5471, 5927, 3308.83, 54.3232, 5927, 3308.83, 49.1995, 10.8215, 8.91736, 3.80294, 8.51008, 10.4924, 9.24975, 7.29101, 3.13069, 8.30933, 8.553, 1.05103, 0.666208, 1.01061, 0.00039126, 0.146616, 0.152111, 0.409185, 0.141408, 0.430785, 0.297646, 8.53168, 6.8077, 2.97508, 6.6354, 8.07421, 1.92672, 1318.22, 1.08522, 0.207996, 0.214462, 0.232229, 0.404301, 0.197947, 0.435669, 0.211652
72, 0.36, 84.651, 5781, 3149.69, 39.6769, 5781, 3149.69, 36.0575, 10.7805, 8.91338, 3.80615, 8.54174, 10.495, 9.13355, 7.21704, 3.10157, 8.35177, 8.46996, 1.05716, 1.03707, 1.01075, 0.000395709, 0.146881, 0.153599, 0.400013, 0.14077, 0.431599, 0.295298, 8.40396, 6.72287, 2.94273, 6.64724, 7.98899, 1.87632, 1240.18, 1.08572, 0.207818, 0.213656, 0.236055, 0.398353, 0.19314, 0.433258, 0.203794
73, 0.365, 84.7546, 5957, 3341.36, 50.1349, 5957, 3341.36, 45.3537, 10.7874, 8.89851, 3.8006, 8.23278, 10.472, 9.20548, 7.26171, 3.12245, 8.10926, 8.52485, 1.06884, 3.34621, 1.01075, 0.000402129, 0.148541, 0.154593, 0.410594, 0.142839, 0.42778, 0.29702, 8.50357, 6.80187, 2.97241, 6.66353, 8.06853, 2.09397, 1394.07, 1.08586, 0.21048, 0.215996, 0.236617, 0.40499, 0.19678, 0.433383, 0.206862
74, 0.37, 84.8579, 5941, 3323.22, 51.0901, 5941, 3323.22, 46.1532, 10.7735, 8.88036, 3.79661, 8.1849, 10.4543, 9.18745, 7.23411, 3.11659, 8.06848, 8.49295, 1.09779, 13.3582, 1.01085, 0.000403119, 0.150699, 0.158443, 0.408465, 0.143559, 0.429251, 0.296018, 8.49662, 6.79151, 2.97035, 6.66766, 8.05645, 2.13988, 1606.18, 1.08523, 0.208469, 0.217755, 0.236729, 0.405898, 0.2001, 0.431818, 0.207519
75, 0.375, 84.961, 5923, 3304.11, 42.0679, 5923, 3304.11, 38.02, 10.7292, 8.82568, 3.77939, 8.14253, 10.3953, 9.17405, 7.20913, 3.11176, 8.02186, 8.47141, 1.04863, 0.515379, 1.01082, 0.000400217, 0.154619, 0.162009, 0.413098, 0.147668, 0.42706, 0.291541, 8.47878, 6.76303, 2.9632, 6.60779, 8.02594, 1.6286, 282.483, 1.08448, 0.203036, 0.220565, 0.240728, 0.409686, 0.2016, 0.430472, 0.208427
76, 0.38, 85.0639, 6050, 3442.43, 36.0045, 6050, 3442.43, 32.51, 10.8356, 8.91078, 3.80384, 8.20773, 10.4953, 9.19785, 7.21876, 3.10663, 8.10785, 8.47968, 1.08499, 11.7387, 1.01092, 0.000401827, 0.154881, 0.161047, 0.411188, 0.14898, 0.422302, 0.298272, 8.49649, 6.76196, 2.95551, 6.68418, 8.02722, 1.69713, 279.866, 1.08526, 0.199048, 0.222038, 0.240897, 0.406774, 0.204157, 0.426716, 0.213467
77, 0.385, 85.1665, 6240, 3659.39, 59.2909, 6240, 3659.39, 53.2513, 10.5679, 8.73198, 3.74214, 7.60291, 10.2898, 9.00413, 7.10165, 3.06861, 7.6072, 8.34488, 1.05506, 0.76518, 1.01089, 0.000403773, 0.159172, 0.165964, 0.410187, 0.152698, 0.426371, 0.297395, 8.40903, 6.71247, 2.94294, 6.51819, 7.96957, 1.7518, 355.441, 1.08061, 0.196007, 0.226785, 0.246832, 0.409623, 0.207736, 0.426935, 0.223297
78, 0.39, 85.2689, 6227, 3644.26, 51.8523, 6227, 3644.26, 46.5437, 10.6041, 8.74895, 3.752, 7.55527, 10.3166, 9.01302, 7.09358, 3.0679, 7.57574, 8.34351, 1.09348, 12.9826, 1.01101, 0.000414581, 0.158725, 0.164873, 0.410312, 0.152752, 0.424023, 0.305879, 8.40402, 6.71199, 2.94104, 6.49406, 7.97286, 1.89942, 606.101, 1.08155, 0.192658, 0.227, 0.246451, 0.409905, 0.208333, 0.42443, 0.22577
79, 0.395, 85.371, 6146, 3550.27, 34.8105, 6146, 3550.27, 31.3543, 10.5802, 8.75956, 3.7508, 7.94034, 10.3197, 8.99756, 7.10073, 3.06719, 7.83078, 8.34766, 1.06853, 1.59788, 1.01109, 0.000420847, 0.159488, 0.165686, 0.411783, 0.153618, 0.423022, 0.298491, 8.35982, 6.67219, 2.92795, 6.48929, 7.93285, 1.66999, 315.329, 1.08402, 0.202231, 0.226992, 0.245233, 0.411971, 0.209374, 0.422834, 0.221168
80, 0.4, 85.4729, 6029, 3418.58, 37.8575, 6029, 3418.58, 33.9845, 10.584, 8.73693, 3.74588, 7.93703, 10.2762, 9.00977, 7.09336, 3.06624, 7.81919, 8.31979, 1.06833, 2.08602, 1.01112, 0.00042872, 0.16156, 0.16606, 0.408809, 0.157523, 0.426935, 0.309698, 8.35512, 6.66944, 2.92898, 6.48541, 7.92043, 1.68815, 320.483, 1.08308, 0.201058, 0.229244, 0.249502, 0.410218, 0.210302, 0.425526, 0.225394
81, 0.405, 85.5745, 6052, 3444.22, 38.6039, 6052, 3444.22, 34.6482, 10.5721, 8.72194, 3.74075, 7.73064, 10.2613, 9.0052, 7.08164, 3.06449, 7.68436, 8.31327, 1.104, 14.6569, 1.01118, 0.000430332, 0.163092, 0.169634, 0.413098, 0.156944, 0.423209, 0.302874, 8.40239, 6.69132, 2.93553, 6.5633, 7.94319, 1.87757, 475.711, 1.08092, 0.190141, 0.230882, 0.249877, 0.414068, 0.212671, 0.422239, 0.228619
82, 0.41, 85.6759, 6223, 3639.65, 54.6538, 6223, 3639.65, 48.8497, 10.5758, 8.74256, 3.74313, 7.61046, 10.2807, 8.9948, 7.0809, 3.06135, 7.59228, 8.31707, 1.07011, 1.77116, 1.01123, 0.000437374, 0.163924, 0.171664, 0.412472, 0.156549, 0.422427, 0.304596, 8.4583, 6.72551, 2.94413, 6.5842, 7.9892, 1.78035, 405.108, 1.07925, 0.190285, 0.232376, 0.252781, 0.413787, 0.212691, 0.421112, 0.235443
83, 0.415, 85.777, 6080, 3474.48, 39.3903, 6080, 3474.48, 35.1817, 10.4056, 8.63236, 3.70943, 7.47933, 10.1773, 8.81561, 6.95526, 3.01958, 7.47029, 8.18706, 1.0628, 1.25638, 1.01118, 0.000436948, 0.165461, 0.172683, 0.413317, 0.158549, 0.417637, 0.303437, 8.24912, 6.58926, 2.89997, 6.45212, 7.84142, 1.6716, 312.755, 1.08082, 0.198545, 0.234739, 0.253506, 0.414288, 0.216458, 0.416667, 0.233221
84, 0.42, 85.878, 6016, 3402.48, 42.4549, 6016, 3402.48, 37.911, 10.3841, 8.60746, 3.70423, 7.38406, 10.1566, 8.80566, 6.94499, 3.01874, 7.38629, 8.17826, 1.09203, 15.2923, 1.01113, 0.000438564, 0.16762, 0.174506, 0.41075, 0.161193, 0.421049, 0.306192, 8.26684, 6.59514, 2.90197, 6.37476, 7.85017, 1.86855, 603.429, 1.07992, 0.192668, 0.236663, 0.255806, 0.40931, 0.21856, 0.422489, 0.236915
85, 0.425, 85.9786, 6106, 3504.39, 40.8205, 6106, 3504.39, 36.5688, 10.424, 8.6018, 3.70222, 7.61821, 10.1389, 8.84066, 6.93843, 3.01759, 7.54939, 8.16279, 1.10028, 16.2625, 1.01103, 0.000441598, 0.168929, 0.179195, 0.410124, 0.159158, 0.421863, 0.310199, 8.30034, 6.60961, 2.90618, 6.57791, 7.85385, 2.21623, 5087.74, 1.0782, 0.191521, 0.238075, 0.263227, 0.407526, 0.21419, 0.424462, 0.239513
86, 0.43, 86.0791, 5881, 3252.73, 34.4875, 5881, 3252.73, 30.8176, 10.3628, 8.57471, 3.69233, 7.66245, 10.1051, 8.82757, 6.95152, 3.02422, 7.5597, 8.17304, 1.07705, 2.67734, 1.01093, 0.000439331, 0.168772, 0.175713, 0.410938, 0.162235, 0.425088, 0.317775, 8.34442, 6.65376, 2.92227, 6.73793, 7.89574, 1.86355, 582.154, 1.07658, 0.186654, 0.238408, 0.261972, 0.406461, 0.216189, 0.429564, 0.245367
87, 0.435, 86.1793, 5968, 3348.54, 35.4791, 5968, 3348.54, 31.5612, 10.4343, 8.6387, 3.71141, 8.07653, 10.1624, 8.8483, 6.96658, 3.02285, 7.86395, 8.17982, 1.10054, 16.8953, 1.0111, 0.000450955, 0.171762, 0.179939, 0.411157, 0.163939, 0.420736, 0.318964, 8.25808, 6.58975, 2.90002, 6.59151, 7.83366, 1.80606, 540.613, 1.08112, 0.205886, 0.242543, 0.266044, 0.410187, 0.219996, 0.421707, 0.245304
88, 0.44, 86.2793, 5863, 3232.79, 38.7381, 5863, 3232.79, 34.522, 10.3069, 8.55298, 3.68803, 7.70068, 10.0838, 8.73097, 6.88558, 2.99974, 7.5663, 8.10035, 1.11752, 18.8861, 1.01116, 0.000459119, 0.173403, 0.1831, 0.40956, 0.164316, 0.421112, 0.314707, 8.22971, 6.57538, 2.89472, 6.56581, 7.81897, 1.87799, 583.934, 1.07644, 0.192957, 0.241015, 0.264913, 0.408434, 0.218448, 0.422239, 0.251816
89, 0.445, 86.379, 5975, 3356.6, 32.5571, 5975, 3356.6, 29.0526, 10.4041, 8.62972, 3.71399, 7.97389, 10.1572, 8.82494, 6.95724, 3.02436, 7.76522, 8.17289, 1.07904, 2.25405, 1.01133, 0.000472633, 0.173483, 0.180701, 0.40931, 0.166731, 0.422771, 0.317931, 8.32357, 6.64966, 2.9198, 6.70972, 7.89712, 1.83505, 564.273, 1.07866, 0.210788, 0.24265, 0.26501, 0.40762, 0.221575, 0.424462, 0.248623
90, 0.45, 86.4785, 6032, 3420.74, 38.2102, 6032, 3420.74, 33.9994, 10.3773, 8.59832, 3.69891, 7.94134, 10.1235, 8.84817, 6.96648, 3.02902, 7.70907, 8.17747, 1.079, 2.06206, 1.01135, 0.000483644, 0.17504, 0.184246, 0.410531, 0.166433, 0.426402, 0.322032, 8.3379, 6.65572, 2.92395, 6.62593, 7.89822, 1.78647, 555.029, 1.07816, 0.20306, 0.244145, 0.267523, 0.408246, 0.222263, 0.428719, 0.256887
91, 0.455, 86.5778, 5988, 3371.02, 36.3909, 5988, 3371.02, 32.285, 10.4121, 8.62669, 3.7116, 8.01662, 10.1575, 8.84492, 6.96173, 3.02663, 7.79113, 8.17966, 1.11483, 18.5457, 1.01149, 0.000486545, 0.175096, 0.180485, 0.41363, 0.170145, 0.41986, 0.32557, 8.32563, 6.64693, 2.91885, 6.72365, 7.88746, 1.98751, 924.077, 1.08008, 0.204827, 0.245332, 0.263485, 0.413098, 0.228069, 0.420392, 0.254727
92, 0.46, 86.6769, 5979, 3361.03, 39.6729, 5979, 3361.03, 35.1076, 10.3786, 8.61582, 3.7069, 7.88431, 10.1395, 8.79051, 6.93468, 3.01389, 7.71322, 8.14113, 1.08607, 3.25487, 1.01136, 0.000472867, 0.178078, 0.185365, 0.414413, 0.171101, 0.41626, 0.326321, 8.3024, 6.63554, 2.9094, 6.68992, 7.86466, 1.80321, 522.099, 1.07961, 0.213441, 0.248005, 0.269084, 0.410374, 0.2276, 0.420298, 0.254164
93, 0.465, 86.7757, 5999, 3383.38, 39.6068, 5999, 3383.38, 35.0175, 10.3858, 8.61986, 3.70963, 7.88532, 10.1672, 8.79652, 6.93056, 3.01564, 7.70873, 8.15261, 1.07633, 1.905, 1.01145, 0.000472336, 0.178051, 0.183981, 0.410656, 0.172538, 0.420016, 0.331674, 8.29934, 6.62462, 2.90899, 6.69348, 7.86131, 1.85061, 561.701, 1.08139, 0.21721, 0.249447, 0.270323, 0.404802, 0.229927, 0.42587, 0.259673
94, 0.47, 86.8743, 5909, 3283.54, 35.6802, 5909, 3283.54, 31.5915, 10.2327, 8.47209, 3.66547, 7.37955, 10.0262, 8.70141, 6.84634, 2.99404, 7.30152, 8.08169, 1.08163, 2.6156, 1.01129, 0.000463171, 0.180068, 0.185829, 0.410875, 0.174727, 0.423272, 0.332457, 8.20361, 6.5643, 2.89273, 6.3415, 7.8025, 1.89321, 591.911, 1.07847, 0.204095, 0.250658, 0.271117, 0.407557, 0.231528, 0.42659, 0.254257
95, 0.475, 86.9727, 5866, 3235.9, 38.1882, 5866, 3235.9, 33.8525, 10.4414, 8.5937, 3.704, 8.81692, 10.1555, 8.85869, 6.91634, 3.01394, 8.23569, 8.15369, 1.08538, 2.42253, 1.01144, 0.000472218, 0.179688, 0.184163, 0.415227, 0.175344, 0.417136, 0.339125, 8.13862, 6.49652, 2.8713, 6.25753, 7.72616, 1.81726, 494.762, 1.08881, 0.256853, 0.251085, 0.271225, 0.40571, 0.232001, 0.426653, 0.255228
96, 0.48, 87.0709, 5761, 3121.88, 46.5254, 5761, 3121.88, 41.0893, 10.3489, 8.52636, 3.68483, 8.70641, 10.0862, 8.80015, 6.87698, 3.00534, 8.12792, 8.11889, 1.08345, 2.58906, 1.01144, 0.000486324, 0.180086, 0.186628, 0.414194, 0.173744, 0.420141, 0.338812, 8.10512, 6.47508, 2.86744, 6.21422, 7.70882, 1.79503, 492.731, 1.08647, 0.248334, 0.249259, 0.270801, 0.40236, 0.229325, 0.431975, 0.253663
97, 0.485, 87.1688, 5816, 3181.41, 42.9681, 5816, 3181.41, 37.9012, 10.4913, 8.61837, 3.70822, 8.76307, 10.1659, 8.92963, 6.95787, 3.02699, 8.17462, 8.19139, 1.08508, 2.48634, 1.01167, 0.000502274, 0.182884, 0.18816, 0.411971, 0.17784, 0.423491, 0.351803, 8.17374, 6.52957, 2.8828, 6.20475, 7.771, 2.20328, 2543.21, 1.08895, 0.257217, 0.251923, 0.273216, 0.406273, 0.232026, 0.429189, 0.259579
98, 0.49, 87.2665, 5863, 3232.68, 46.7737, 5863, 3232.68, 41.2423, 10.4237, 8.59586, 3.71139, 8.83817, 10.1552, 8.84661, 6.91987, 3.01994, 8.24927, 8.15927, 1.09546, 3.64265, 1.01163, 0.000492139, 0.186545, 0.194716, 0.411564, 0.178843, 0.421081, 0.345793, 8.09761, 6.48503, 2.87026, 6.20272, 7.71964, 1.97566, 2005.89, 1.0909, 0.267787, 0.257335, 0.281973, 0.403331, 0.234671, 0.429314, 0.25623
99, 0.495, 87.364, 5859, 3228.34, 44.5309, 5859, 3228.34, 39.1791, 10.5056, 8.64571, 3.71951, 8.95941, 10.2027, 8.91748, 6.956, 3.02659, 8.33463, 8.19347, 1.09584, 3.57943, 1.01176, 0.000503337, 0.187435, 0.195064, 0.412127, 0.180065, 0.420799, 0.356687, 8.1338, 6.50755, 2.87359, 6.26874, 7.74095, 2.25889, 2655.24, 1.09233, 0.260275, 0.259937, 0.287345, 0.402329, 0.234735, 0.430597, 0.261426
100, 0.5, 87.4613, 5884, 3255.8, 44.5921, 5884, 3255.8, 39.1918, 10.455, 8.60164, 3.70425, 8.85224, 10.1355, 8.9126, 6.95176, 3.02821, 8.23436, 8.17631, 1.08837, 3.37247, 1.01176, 0.000512594, 0.188319, 0.196469, 0.410343, 0.180626, 0.426528, 0.354527, 8.1214, 6.49825, 2.87241, 6.17174, 7.7252, 2.27853, 2704.18, 1.09238, 0.260798, 0.258825, 0.28647, 0.40452, 0.233189, 0.43235, 0.261865
101, 0.505, 87.5584, 5813, 3177.82, 40.2539, 5813, 3177.82, 35.5108, 10.4423, 8.62867, 3.71638, 9.03989, 10.1821, 8.83283, 6.90942, 3.00973, 8.36931, 8.13238, 1.09321, 3.39512, 1.01205, 0.000524111, 0.187488, 0.193147, 0.409874, 0.182158, 0.419672, 0.355059, 8.08296, 6.4692, 2.86086, 6.29738, 7.69321, 2.04102, 2131.91, 1.09088, 0.266969, 0.258041, 0.282797, 0.399011, 0.235248, 0.430535, 0.260675
102, 0.51, 87.6552, 5979, 3360.97, 56.0841, 5979, 3360.97, 49.1584, 10.5888, 8.72138, 3.74151, 9.25087, 10.2691, 8.97777, 6.99933, 3.038, 8.5362, 8.22516, 1.09094, 3.65139, 1.01216, 0.000533805, 0.189277, 0.194269, 0.411032, 0.18472, 0.420955, 0.361664, 8.21575, 6.5651, 2.88761, 6.42331, 7.79102, 2.13064, 2181.51, 1.09256, 0.27212, 0.262087, 0.2883, 0.401421, 0.237842, 0.430566, 0.271099
103, 0.515, 87.7519, 5927, 3302.76, 44.467, 5927, 3302.76, 39.1761, 10.613, 8.77214, 3.75984, 9.28222, 10.3345, 8.9166, 6.96543, 3.02131, 8.58118, 8.19526, 1.07364, 1.44353, 1.01237, 0.000548086, 0.189388, 0.19648, 0.412597, 0.182347, 0.410938, 0.355059, 8.18689, 6.5396, 2.87304, 6.48507, 7.75823, 2.01294, 2065.86, 1.0929, 0.278101, 0.261425, 0.28532, 0.398166, 0.239078, 0.425369, 0.27495
104, 0.52, 87.8483, 5972, 3352.88, 52.3574, 5972, 3352.88, 45.7715, 10.5894, 8.76693, 3.7576, 9.24062, 10.3302, 8.96118, 7.01342, 3.04463, 8.53172, 8.25384, 1.08033, 2.9466, 1.01214, 0.000538172, 0.194041, 0.198737, 0.4141, 0.189403, 0.416103, 0.366078, 8.19879, 6.56642, 2.88931, 6.41665, 7.80108, 2.20878, 2299.54, 1.09537, 0.28589, 0.263561, 0.287561, 0.403644, 0.240935, 0.426559, 0.270567
105, 0.525, 87.9445, 5900, 3272.83, 60.7688, 5900, 3272.83, 53.177, 10.4936, 8.70868, 3.74237, 9.15125, 10.2712, 8.87541, 6.95893, 3.02962, 8.44929, 8.19972, 1.08288, 2.9502, 1.01226, 0.000551191, 0.193491, 0.200536, 0.411157, 0.18661, 0.418388, 0.363449, 8.09191, 6.50422, 2.87186, 6.31278, 7.73145, 2.17349, 2280.96, 1.09607, 0.286313, 0.264798, 0.288197, 0.402047, 0.242971, 0.427498, 0.265308
106, 0.53, 88.0405, 5625, 2983.56, 47.1928, 5625, 2983.56, 41.1608, 10.3461, 8.58299, 3.70374, 9.08651, 10.1365, 8.79308, 6.89593, 3.01384, 8.33723, 8.13297, 1.09108, 3.18523, 1.01205, 0.000553911, 0.196005, 0.198094, 0.418889, 0.193929, 0.414945, 0.377724, 7.94027, 6.37471, 2.83849, 5.99215, 7.61149, 2.10501, 2160.82, 1.10098, 0.29624, 0.266824, 0.289147, 0.414288, 0.244709, 0.419547, 0.269346
107, 0.535, 88.1364, 5542, 2896.07, 33.0635, 5542, 2896.07, 28.9098, 9.99596, 8.31244, 3.622, 7.11311, 9.86931, 8.51916, 6.70902, 2.96075, 7.00325, 7.95194, 1.09518, 4.0481, 1.01189, 0.000553512, 0.196897, 0.20335, 0.415947, 0.19054, 0.419891, 0.368958, 7.8359, 6.30591, 2.81733, 5.59835, 7.53458, 2.11335, 2178.84, 1.09056, 0.232082, 0.267137, 0.291177, 0.409623, 0.243959, 0.426215, 0.266028
108, 0.54, 88.2319, 5505, 2858.61, 32.5599, 5505, 2858.61, 28.4765, 10.1263, 8.41736, 3.65758, 7.33994, 9.99977, 8.58271, 6.75509, 2.97166, 7.22704, 8.01615, 1.08602, 2.91791, 1.01203, 0.000550551, 0.195598, 0.20103, 0.415383, 0.190175, 0.415477, 0.377254, 7.86001, 6.3389, 2.82727, 5.81127, 7.58456, 2.10194, 2205.1, 1.09133, 0.231993, 0.266106, 0.289322, 0.408684, 0.243667, 0.422176, 0.262459
109, 0.545, 88.3273, 5467, 2819.45, 32.5576, 5467, 2819.45, 28.4371, 10.0755, 8.37486, 3.64787, 7.37904, 9.94923, 8.54051, 6.71488, 2.9624, 7.22711, 7.96473, 1.09057, 3.15623, 1.01217, 0.000561993, 0.199864, 0.204337, 0.415164, 0.195425, 0.415696, 0.379602, 7.79376, 6.28218, 2.80933, 5.74599, 7.51946, 2.01905, 1944.89, 1.09509, 0.246603, 0.27062, 0.293451, 0.407901, 0.248434, 0.422959, 0.261489
110, 0.55, 88.4225, 5845, 3212.49, 35.7147, 5845, 3212.49, 31.1474, 10.0274, 8.3558, 3.63844, 7.15903, 9.93237, 8.50789, 6.7077, 2.95911, 7.058, 7.96041, 1.09518, 4.40951, 1.01196, 0.000538476, 0.200428, 0.204944, 0.418795, 0.195877, 0.412879, 0.375501, 7.77993, 6.27469, 2.80823, 5.61915, 7.50672, 2.06572, 2168.78, 1.09444, 0.236095, 0.271818, 0.293548, 0.409717, 0.250655, 0.421957, 0.268626
111, 0.555, 88.5175, 5733, 3090.73, 34.3907, 5733, 3090.73, 30.0766, 10.069, 8.41997, 3.65567, 7.58619, 9.99269, 8.48735, 6.69972, 2.94818, 7.35349, 7.93814, 1.09316, 3.10918, 1.01229, 0.000571614, 0.198631, 0.203749, 0.414632, 0.193459, 0.410969, 0.380165, 7.69221, 6.21973, 2.78422, 5.66088, 7.43996, 2.03989, 2036.63, 1.09936, 0.261602, 0.27013, 0.290859, 0.406774, 0.24994, 0.418827, 0.269127
112, 0.56, 88.6123, 5786, 3148.13, 46.2678, 5786, 3148.13, 40.0211, 10.2014, 8.48324, 3.6793, 7.61961, 10.0586, 8.63643, 6.78879, 2.98279, 7.3954, 8.03515, 1.08745, 3.36134, 1.0123, 0.000574419, 0.20083, 0.205345, 0.417168, 0.196288, 0.412754, 0.390339, 7.79821, 6.29, 2.81227, 5.70043, 7.52406, 1.92365, 1854.46, 1.10132, 0.259176, 0.273803, 0.296003, 0.411188, 0.251872, 0.418733, 0.273635
113, 0.565, 88.7068, 5689, 3043.94, 36.8673, 5689, 3043.94, 32.1764, 9.96572, 8.31038, 3.62476, 7.14443, 9.86934, 8.42568, 6.64219, 2.93589, 7.03305, 7.88296, 1.08664, 3.15714, 1.01191, 0.000539961, 0.201395, 0.206535, 0.417074, 0.196291, 0.411157, 0.381073, 7.72402, 6.22551, 2.78996, 5.62481, 7.4572, 2.04939, 2051.86, 1.09619, 0.249482, 0.274882, 0.299581, 0.407119, 0.251197, 0.421112, 0.272289
114, 0.57, 88.8012, 5808, 3171.78, 53.1561, 5808, 3171.78, 45.9978, 10.0269, 8.38583, 3.64443, 7.35358, 9.94019, 8.45774, 6.68137, 2.94334, 7.19232, 7.9108, 1.09409, 3.42813, 1.01202, 0.000550958, 0.204178, 0.207764, 0.41651, 0.200526, 0.409654, 0.382075, 7.71782, 6.23269, 2.78782, 5.63665, 7.45738, 2.07655, 2054.59, 1.09936, 0.267067, 0.275671, 0.298308, 0.408559, 0.253398, 0.417606, 0.270974
115, 0.575, 88.8954, 5797, 3159.58, 53.7201, 5797, 3159.58, 46.4237, 10.0092, 8.36604, 3.64601, 7.47386, 9.92829, 8.43345, 6.65829, 2.93988, 7.26956, 7.89107, 1.0988, 4.09574, 1.01211, 0.000560797, 0.208169, 0.216226, 0.412034, 0.200223, 0.413067, 0.382544, 7.6981, 6.21247, 2.78361, 5.66656, 7.44003, 2.05096, 1962.68, 1.09958, 0.271563, 0.279047, 0.306573, 0.405366, 0.252559, 0.419735, 0.274512
116, 0.58, 88.9893, 5766, 3126, 34.098, 5766, 3126, 29.6786, 10.0839, 8.42268, 3.65918, 7.627, 9.97424, 8.49881, 6.69982, 2.95136, 7.39664, 7.92893, 1.10094, 4.12485, 1.01222, 0.000559755, 0.206958, 0.211773, 0.418326, 0.202056, 0.407181, 0.387772, 7.71782, 6.23508, 2.79141, 5.70836, 7.45981, 2.05526, 1964.62, 1.10006, 0.269698, 0.279078, 0.302433, 0.409404, 0.256036, 0.416103, 0.28143
117, 0.585, 89.0831, 5631, 2981.98, 31.2174, 5631, 2981.98, 27.0472, 9.90599, 8.28139, 3.61659, 7.40809, 9.83554, 8.36702, 6.60852, 2.92294, 7.18014, 7.83707, 1.09966, 4.10081, 1.01221, 0.00055772, 0.208861, 0.216421, 0.416416, 0.201288, 0.410781, 0.379977, 7.63035, 6.16881, 2.77095, 5.60763, 7.3959, 2.24642, 2704.9, 1.09659, 0.255168, 0.277969, 0.301348, 0.405585, 0.255403, 0.421613, 0.273009
118, 0.59, 89.1767, 5700, 3055.38, 44.7473, 5700, 3055.38, 38.7977, 10.0158, 8.34413, 3.63437, 7.51192, 9.88902, 8.43495, 6.62872, 2.92823, 7.2792, 7.84313, 1.09449, 3.40726, 1.01226, 0.000557819, 0.209648, 0.215487, 0.413505, 0.203837, 0.411157, 0.386958, 7.67499, 6.18426, 2.77178, 5.60381, 7.40473, 2.05815, 1945.28, 1.09838, 0.267694, 0.282152, 0.307953, 0.404614, 0.257173, 0.420048, 0.281148
119, 0.595, 89.2701, 5755, 3114.4, 47.1274, 5755, 3114.4, 40.8029, 9.98349, 8.3215, 3.62619, 7.42048, 9.86393, 8.40834, 6.61414, 2.9226, 7.22443, 7.83015, 1.10632, 4.16763, 1.01214, 0.000556223, 0.209382, 0.215515, 0.4141, 0.203116, 0.410562, 0.381104, 7.65878, 6.17086, 2.76968, 5.58306, 7.39223, 2.01246, 1938.43, 1.09587, 0.244943, 0.282204, 0.308998, 0.402423, 0.256468, 0.422239, 0.281868
120, 0.6, 89.3632, 5754, 3113.4, 29.5564, 5754, 3113.4, 25.6629, 9.93736, 8.30423, 3.62432, 7.40014, 9.85786, 8.40051, 6.62661, 2.93284, 7.19944, 7.85582, 1.09677, 3.79887, 1.0122, 0.000563733, 0.209975, 0.215399, 0.416072, 0.204531, 0.411971, 0.381668, 7.68013, 6.20008, 2.78162, 5.61555, 7.42918, 2.03407, 1910.53, 1.09666, 0.251704, 0.281865, 0.305054, 0.406461, 0.259488, 0.421582, 0.28118
121, 0.605, 89.4562, 5671, 3024.56, 28.7903, 5671, 3024.56, 24.9713, 9.95035, 8.32396, 3.62775, 7.50745, 9.8739, 8.38323, 6.61161, 2.92245, 7.2547, 7.82768, 1.09326, 3.54127, 1.01244, 0.00061632, 0.21048, 0.21611, 0.412034, 0.204975, 0.412879, 0.380729, 7.67005, 6.1762, 2.76892, 5.6042, 7.39373, 2.02729, 1964.94, 1.09677, 0.249767, 0.282717, 0.306421, 0.403738, 0.259975, 0.421175, 0.281461
122, 0.61, 89.549, 5698, 3053.43, 30.74, 5698, 3053.43, 26.5944, 9.99754, 8.3413, 3.63502, 7.55264, 9.89269, 8.44359, 6.64235, 2.9361, 7.28235, 7.86154, 1.10025, 4.45885, 1.01252, 0.000623556, 0.210303, 0.216468, 0.412221, 0.204185, 0.41507, 0.387553, 7.69315, 6.1926, 2.77749, 5.60193, 7.41452, 2.03785, 1936.13, 1.099, 0.255594, 0.283066, 0.308962, 0.402548, 0.258435, 0.424743, 0.282807
123, 0.615, 89.6416, 5720, 3076.8, 33.8378, 5720, 3076.8, 29.2106, 10.027, 8.35953, 3.63854, 7.48227, 9.9112, 8.44935, 6.64556, 2.93236, 7.25559, 7.86049, 1.11279, 5.36709, 1.0125, 0.000615665, 0.214543, 0.221375, 0.414601, 0.207617, 0.410625, 0.389181, 7.68482, 6.20057, 2.77656, 5.62654, 7.41749, 1.96863, 1873.27, 1.09763, 0.249522, 0.28492, 0.311806, 0.405647, 0.258854, 0.419578, 0.286376
124, 0.62, 89.7341, 5776, 3137.01, 42.4402, 5776, 3137.01, 36.491, 9.93887, 8.29243, 3.62094, 7.26199, 9.84576, 8.36483, 6.57608, 2.91274, 7.05867, 7.79664, 1.09692, 4.33455, 1.01267, 0.000633141, 0.216289, 0.224239, 0.412253, 0.208375, 0.411658, 0.396099, 7.64231, 6.1604, 2.76565, 5.54147, 7.38234, 2.08696, 1992.96, 1.098, 0.259187, 0.287282, 0.313525, 0.407056, 0.261612, 0.416854, 0.291479
125, 0.625, 89.8263, 5776, 3136.98, 38.8407, 5776, 3136.98, 33.5352, 9.90549, 8.28485, 3.61667, 7.41759, 9.83626, 8.35406, 6.58063, 2.91586, 7.16523, 7.80077, 1.10287, 4.5863, 1.01263, 0.000624745, 0.2168, 0.223518, 0.417042, 0.209942, 0.408747, 0.395536, 7.67355, 6.18737, 2.77477, 5.6378, 7.41585, 1.94456, 1865.48, 1.09627, 0.264834, 0.289769, 0.31587, 0.407713, 0.26412, 0.418075, 0.297145
126, 0.63, 89.9183, 5742, 3100.17, 57.6724, 5742, 3100.17, 49.0881, 9.8976, 8.26754, 3.6088, 7.28339, 9.82284, 8.33584, 6.55355, 2.90346, 7.04603, 7.76554, 1.0968, 3.42969, 1.01294, 0.000652522, 0.217125, 0.225021, 0.410907, 0.209345, 0.413567, 0.409874, 7.59154, 6.12151, 2.75001, 5.53009, 7.34205, 2.01374, 1887.44, 1.10296, 0.273694, 0.292803, 0.321672, 0.405929, 0.264764, 0.418545, 0.296582
127, 0.635, 90.0102, 5704, 3059.63, 61.8375, 5704, 3059.63, 52.5183, 9.86421, 8.20461, 3.59104, 6.92916, 9.74539, 8.35243, 6.54743, 2.90943, 6.81797, 7.76304, 1.09401, 2.72175, 1.01271, 0.000636929, 0.222337, 0.229972, 0.415571, 0.214681, 0.413881, 0.406242, 7.71525, 6.21067, 2.78474, 5.61591, 7.43471, 2.00896, 1952.31, 1.09369, 0.243937, 0.295415, 0.321147, 0.407713, 0.270396, 0.421738, 0.30663
128, 0.64, 90.1018, 5567, 2915.56, 35.789, 5567, 2915.56, 30.6573, 9.78306, 8.14505, 3.57763, 6.87922, 9.69681, 8.26615, 6.48672, 2.89096, 6.76513, 7.71009, 1.09732, 3.60071, 1.01273, 0.00063107, 0.217772, 0.222486, 0.416635, 0.212991, 0.410656, 0.403049, 7.62948, 6.15339, 2.76676, 5.58839, 7.37542, 2.1843, 2630.37, 1.09547, 0.254285, 0.291896, 0.31527, 0.406649, 0.269265, 0.420642, 0.303562
129, 0.645, 90.1933, 5451, 2795.61, 44.1988, 5451, 2795.61, 37.65, 9.71009, 8.10917, 3.57153, 7.02247, 9.67602, 8.17061, 6.41717, 2.8706, 6.8506, 7.64216, 1.09395, 2.59826, 1.01283, 0.000646993, 0.220848, 0.228304, 0.416479, 0.213299, 0.406774, 0.405209, 7.51158, 6.0617, 2.73569, 5.47286, 7.28181, 1.98653, 1912.91, 1.09875, 0.275355, 0.293427, 0.318349, 0.407432, 0.268936, 0.415821, 0.298992
130, 0.65, 90.2846, 5494, 2839.89, 44.4783, 5494, 2839.89, 37.8701, 9.70049, 8.07361, 3.56051, 6.84978, 9.64208, 8.21419, 6.43147, 2.88194, 6.69338, 7.66676, 1.11298, 3.81723, 1.01291, 0.000666615, 0.220782, 0.22838, 0.418044, 0.213116, 0.411126, 0.409216, 7.51603, 6.06353, 2.74022, 5.30195, 7.29176, 2.08613, 2152.49, 1.10058, 0.270738, 0.295662, 0.323024, 0.407933, 0.269146, 0.421237, 0.299806
131, 0.655, 90.3757, 5535, 2881.87, 36.3461, 5535, 2881.87, 30.8835, 9.78689, 8.12539, 3.57694, 6.88966, 9.70218, 8.29408, 6.48321, 2.89791, 6.73632, 7.72948, 1.16214, 35.6722, 1.01305, 0.000678455, 0.223813, 0.231092, 0.419985, 0.21635, 0.410124, 0.414194, 7.59003, 6.10978, 2.75758, 5.3838, 7.34529, 2.15916, 2153, 1.10145, 0.277488, 0.298152, 0.326508, 0.408903, 0.270506, 0.421206, 0.304001
132, 0.66, 90.4666, 5558, 2905.88, 44.9264, 5558, 2905.88, 38.0967, 9.7107, 8.07705, 3.56058, 6.68336, 9.64781, 8.23247, 6.44255, 2.88737, 6.59414, 7.69363, 1.1184, 5.87599, 1.01285, 0.000642506, 0.224161, 0.22956, 0.424869, 0.218499, 0.405428, 0.409842, 7.56718, 6.09287, 2.75283, 5.33312, 7.32944, 2.15947, 2199.44, 1.09916, 0.267313, 0.297306, 0.32146, 0.411032, 0.273359, 0.419265, 0.304408
133, 0.665, 90.5573, 5527, 2873.4, 38.2468, 5527, 2873.4, 32.5271, 9.82308, 8.16307, 3.58756, 6.92321, 9.7476, 8.27191, 6.45574, 2.88515, 6.78418, 7.70665, 1.1647, 39.0997, 1.01324, 0.000678405, 0.223768, 0.229948, 0.420736, 0.217296, 0.403456, 0.414037, 7.51534, 6.04738, 2.73151, 5.32132, 7.27827, 2.15067, 2184.99, 1.10644, 0.285937, 0.298138, 0.323773, 0.405303, 0.27324, 0.418889, 0.304752
134, 0.67, 90.6479, 5637, 2988.53, 37.3215, 5637, 2988.53, 31.6164, 9.83586, 8.16284, 3.58787, 6.88141, 9.74131, 8.3339, 6.50118, 2.90594, 6.74137, 7.74696, 1.17137, 40.6679, 1.01321, 0.000683607, 0.225564, 0.231719, 0.419108, 0.219298, 0.410907, 0.417888, 7.61808, 6.11268, 2.75641, 5.30635, 7.3444, 2.2649, 2314.14, 1.10559, 0.28946, 0.300067, 0.324318, 0.408434, 0.27652, 0.421582, 0.31189
135, 0.675, 90.7383, 5559, 2906.65, 49.4297, 5559, 2906.65, 41.8583, 9.7789, 8.12156, 3.57738, 6.81253, 9.70401, 8.28249, 6.46372, 2.89722, 6.6886, 7.71811, 1.16817, 41.2781, 1.01296, 0.000653528, 0.225239, 0.230176, 0.422834, 0.220077, 0.406712, 0.422928, 7.58922, 6.09398, 2.75249, 5.34778, 7.32829, 2.18228, 2216.48, 1.10494, 0.275538, 0.303806, 0.329412, 0.4105, 0.27865, 0.419046, 0.317587
136, 0.68, 90.8285, 5515, 2860.8, 53.4688, 5515, 2860.8, 45.3392, 9.66065, 8.0465, 3.55327, 6.36948, 9.62931, 8.1234, 6.35055, 2.8551, 6.38761, 7.5958, 1.19226, 44.0378, 1.01279, 0.000644572, 0.227785, 0.232261, 0.418295, 0.223144, 0.404207, 0.41219, 7.54333, 6.06095, 2.73377, 5.39866, 7.28095, 2.12814, 2017.31, 1.09994, 0.262133, 0.303506, 0.327778, 0.401139, 0.280298, 0.421362, 0.318088
137, 0.685, 90.9185, 5537, 2883.59, 40.1177, 5537, 2883.59, 33.9849, 9.5721, 7.97672, 3.52995, 6.22234, 9.55159, 8.0715, 6.31827, 2.84539, 6.26533, 7.57082, 1.16722, 41.8457, 1.01277, 0.000640898, 0.227443, 0.236049, 0.419766, 0.218606, 0.405178, 0.411814, 7.5015, 6.03189, 2.72808, 5.342, 7.26144, 2.14762, 2200.46, 1.09832, 0.25508, 0.303, 0.329984, 0.406649, 0.276735, 0.418295, 0.310763
138, 0.69, 91.0083, 5513, 2858.86, 40.391, 5513, 2858.86, 34.1473, 9.60516, 8.00821, 3.53806, 6.16357, 9.59421, 8.08665, 6.33341, 2.84693, 6.22556, 7.5767, 1.17292, 44.6329, 1.01283, 0.000656325, 0.228739, 0.233703, 0.418576, 0.223498, 0.404959, 0.414507, 7.52273, 6.05354, 2.73049, 5.35179, 7.27781, 2.12758, 2169.86, 1.09983, 0.256927, 0.305169, 0.328525, 0.404458, 0.282596, 0.419077, 0.313486
139, 0.695, 91.098, 5530, 2876.81, 45.0463, 5530, 2876.81, 38.1231, 9.54819, 7.96294, 3.52016, 6.23113, 9.53215, 8.0879, 6.33425, 2.85171, 6.2482, 7.58388, 1.18225, 46.275, 1.01279, 0.000655973, 0.231036, 0.238418, 0.424242, 0.223284, 0.404927, 0.416886, 7.50219, 6.03509, 2.73089, 5.28145, 7.27448, 2.2074, 2189.69, 1.10016, 0.264498, 0.306452, 0.331822, 0.413787, 0.281273, 0.415383, 0.313862
140, 0.7, 91.1875, 5555, 2902.65, 43.9527, 5555, 2902.65, 37.1427, 9.62067, 8.00806, 3.54003, 6.28282, 9.58753, 8.08728, 6.31643, 2.84391, 6.3238, 7.56319, 1.121, 5.58814, 1.01277, 0.00065512, 0.231194, 0.238227, 0.421206, 0.223772, 0.40092, 0.420924, 7.51427, 6.02716, 2.72381, 5.35797, 7.25766, 2.15853, 2206.97, 1.10164, 0.275813, 0.306623, 0.331581, 0.408934, 0.281893, 0.413192, 0.318307
141, 0.705, 91.2768, 5586, 2935.14, 39.1084, 5586, 2935.14, 33.1597, 9.69211, 8.07982, 3.56132, 6.49236, 9.66266, 8.14356, 6.37318, 2.85871, 6.47359, 7.61206, 1.1195, 4.47193, 1.01288, 0.000666002, 0.232849, 0.24085, 0.418921, 0.224493, 0.402924, 0.423742, 7.53894, 6.05232, 2.72979, 5.36742, 7.28111, 2.08834, 1942.41, 1.10263, 0.279839, 0.306783, 0.33071, 0.4105, 0.282918, 0.411345, 0.317775
142, 0.71, 91.3659, 5702, 3057.36, 39.6518, 5702, 3057.36, 33.5799, 9.6784, 8.05389, 3.55572, 6.41042, 9.63592, 8.12904, 6.33807, 2.85131, 6.38129, 7.57734, 1.17649, 53.4502, 1.01311, 0.000691844, 0.231154, 0.238502, 0.416134, 0.22355, 0.405334, 0.429282, 7.5293, 6.03472, 2.72476, 5.33121, 7.26059, 2.34151, 2388.59, 1.10493, 0.289904, 0.306907, 0.332788, 0.407839, 0.281371, 0.41363, 0.321938
143, 0.715, 91.4549, 5625, 2975.72, 70.2369, 5625, 2975.72, 59.0021, 9.59839, 7.99022, 3.53544, 6.40569, 9.58048, 8.11176, 6.33243, 2.85538, 6.35767, 7.58374, 1.18493, 55.065, 1.01294, 0.000672891, 0.235847, 0.243313, 0.417794, 0.228132, 0.40931, 0.430629, 7.52567, 6.04081, 2.73216, 5.31345, 7.27454, 2.4215, 2921.15, 1.1028, 0.282092, 0.30969, 0.33376, 0.406023, 0.286467, 0.421081, 0.325382
144, 0.72, 91.5437, 5631, 2982.33, 48.6184, 5631, 2982.33, 40.9131, 9.67035, 8.02425, 3.54518, 6.53262, 9.60727, 8.21932, 6.3975, 2.88221, 6.44637, 7.65667, 1.19254, 56.0891, 1.01294, 0.000674295, 0.234925, 0.242916, 0.420455, 0.226792, 0.41219, 0.440333, 7.58308, 6.07654, 2.7477, 5.28214, 7.31617, 2.29529, 2331.67, 1.1052, 0.291608, 0.309396, 0.333974, 0.411094, 0.285393, 0.42155, 0.327949
145, 0.725, 91.6323, 5508, 2853.97, 61.3275, 5508, 2853.97, 51.4797, 9.58483, 7.96271, 3.52789, 6.44089, 9.55338, 8.07394, 6.29297, 2.83888, 6.38657, 7.52797, 1.12164, 5.88489, 1.01292, 0.000681535, 0.236097, 0.245355, 0.413004, 0.226733, 0.411001, 0.430691, 7.4851, 6.0049, 2.71615, 5.31334, 7.22883, 2.40723, 2986.47, 1.10199, 0.281858, 0.308084, 0.331629, 0.407588, 0.285005, 0.416416, 0.327949
146, 0.73, 91.7208, 5467, 2811.53, 42.5952, 5467, 2811.53, 36.101, 9.66842, 8.0526, 3.55474, 6.63434, 9.6511, 8.12547, 6.34293, 2.85213, 6.54234, 7.58979, 1.12536, 5.30171, 1.01313, 0.000696318, 0.235275, 0.243546, 0.412253, 0.226994, 0.409748, 0.435731, 7.48886, 6.01871, 2.71822, 5.33294, 7.25097, 2.17954, 2039.1, 1.10697, 0.297982, 0.312514, 0.33888, 0.403112, 0.287151, 0.418889, 0.32726
147, 0.735, 91.809, 5580, 2928.31, 56.3234, 5580, 2928.31, 47.2405, 9.67263, 8.0293, 3.54484, 6.68829, 9.6103, 8.19108, 6.37201, 2.86838, 6.54657, 7.61176, 1.12975, 5.98903, 1.01309, 0.000710942, 0.240682, 0.248145, 0.415508, 0.233193, 0.413661, 0.442117, 7.54314, 6.04634, 2.73595, 5.32296, 7.27819, 2.29367, 2334.2, 1.10461, 0.292884, 0.314006, 0.338601, 0.409435, 0.289987, 0.419735, 0.331299
148, 0.74, 91.8971, 5411, 2754.89, 45.5819, 5411, 2754.89, 38.4174, 9.5623, 7.95501, 3.52549, 6.45589, 9.54886, 8.04733, 6.26569, 2.83201, 6.37088, 7.50783, 1.12714, 6.13878, 1.01313, 0.000717399, 0.239482, 0.248201, 0.409435, 0.230888, 0.41363, 0.436827, 7.3987, 5.93456, 2.69513, 5.09314, 7.15697, 2.18892, 2212.44, 1.10539, 0.291064, 0.315163, 0.340727, 0.403237, 0.290614, 0.419828, 0.325319
149, 0.745, 91.9851, 5434, 2778.21, 42.6958, 5434, 2778.21, 35.9325, 9.42247, 7.87885, 3.49979, 6.3309, 9.46334, 7.9188, 6.19872, 2.8062, 6.2556, 7.43354, 1.19292, 45.6421, 1.01308, 0.000719266, 0.23905, 0.249946, 0.408809, 0.228344, 0.41266, 0.425933, 7.31693, 5.89897, 2.67958, 5.02982, 7.12299, 2.26858, 2377.86, 1.10103, 0.278694, 0.312662, 0.339034, 0.402047, 0.287299, 0.419421, 0.321469
150, 0.75, 92.0729, 5364, 2707.07, 44.0372, 5364, 2707.07, 37.0242, 9.39572, 7.85294, 3.49234, 6.30114, 9.43934, 7.92994, 6.20097, 2.81415, 6.21936, 7.44617, 1.14727, 8.26407, 1.01292, 0.000719266, 0.239964, 0.250937, 0.412534, 0.229021, 0.412879, 0.428406, 7.33277, 5.90754, 2.68912, 5.03511, 7.13927, 2.21096, 2304.72, 1.10018, 0.271477, 0.312466, 0.340125, 0.404802, 0.285799, 0.420611, 0.325758
151, 0.755, 92.1605, 5398, 2741.34, 45.4544, 5398, 2741.34, 38.0892, 9.42166, 7.8764, 3.49808, 6.38434, 9.45811, 7.91892, 6.19238, 2.80538, 6.29151, 7.42291, 1.19065, 47.5644, 1.01294, 0.000725697, 0.24032, 0.251391, 0.408183, 0.229384, 0.41338, 0.423961, 7.29558, 5.88213, 2.67588, 5.0349, 7.10345, 2.28217, 2407.56, 1.10144, 0.27814, 0.312685, 0.342696, 0.400858, 0.284001, 0.420705, 0.321938
152, 0.76, 92.2479, 5203, 2556.18, 43.1463, 5203, 2556.18, 36.2145, 9.50595, 7.91631, 3.50854, 6.33183, 9.49706, 8.02173, 6.25178, 2.82647, 6.22683, 7.4895, 1.12122, 4.92099, 1.01301, 0.000755318, 0.240477, 0.250596, 0.411595, 0.230397, 0.413912, 0.431787, 7.41191, 5.96233, 2.70329, 5.07477, 7.18341, 2.22576, 2344.84, 1.10105, 0.277065, 0.313947, 0.343145, 0.403206, 0.286022, 0.422302, 0.331267
153, 0.765, 92.3352, 5482, 2826.91, 45.7285, 5482, 2826.91, 38.0943, 9.4975, 7.92901, 3.51033, 6.45945, 9.5048, 7.99981, 6.24343, 2.82046, 6.30822, 7.47574, 1.11876, 3.84954, 1.0132, 0.000769181, 0.241381, 0.251487, 0.409435, 0.231407, 0.414319, 0.437954, 7.36839, 5.93272, 2.69342, 5.06603, 7.15445, 2.18713, 2340.93, 1.10368, 0.295817, 0.315406, 0.344938, 0.402016, 0.287218, 0.421738, 0.33662
154, 0.77, 92.4223, 5464, 2808.23, 45.6968, 5464, 2808.23, 38.0361, 9.48036, 7.90515, 3.50209, 6.47842, 9.48533, 7.99662, 6.22823, 2.81746, 6.30384, 7.45753, 1.18854, 49.3464, 1.01329, 0.000771165, 0.244817, 0.254202, 0.412628, 0.235462, 0.412409, 0.445655, 7.34479, 5.90745, 2.68634, 5.02617, 7.1322, 2.46537, 3126.25, 1.10431, 0.292105, 0.317786, 0.347294, 0.406054, 0.289171, 0.418983, 0.337653
155, 0.775, 92.5092, 5283, 2631.92, 44.0255, 5283, 2631.92, 36.6059, 9.51963, 7.92472, 3.51187, 6.52413, 9.50509, 8.05222, 6.26931, 2.83501, 6.34286, 7.50781, 1.13855, 5.71966, 1.01323, 0.000782073, 0.244563, 0.257741, 0.414319, 0.231345, 0.413442, 0.446719, 7.39288, 5.93436, 2.70015, 5.043, 7.16755, 2.19528, 2145.55, 1.10531, 0.287274, 0.318752, 0.350212, 0.408496, 0.287926, 0.419265, 0.335556
156, 0.78, 92.596, 5141, 2493.04, 40.1494, 5141, 2493.04, 33.5012, 9.37327, 7.83285, 3.4795, 6.3492, 9.4184, 7.93107, 6.20127, 2.81195, 6.24194, 7.43954, 1.14127, 7.09931, 1.01291, 0.000710843, 0.24717, 0.257807, 0.412785, 0.236633, 0.414976, 0.439018, 7.37929, 5.92968, 2.69365, 5.08166, 7.16395, 2.39563, 3225.6, 1.09971, 0.282007, 0.320754, 0.349975, 0.405147, 0.292643, 0.422615, 0.34069
157, 0.785, 92.6826, 5223, 2572.61, 41.1955, 5223, 2572.61, 34.3003, 9.42824, 7.87619, 3.49463, 6.42694, 9.44176, 7.95836, 6.21858, 2.81519, 6.3035, 7.44552, 1.11868, 4.99551, 1.01325, 0.000743332, 0.247622, 0.258734, 0.414632, 0.236459, 0.410969, 0.443871, 7.35944, 5.91997, 2.68841, 5.07776, 7.14136, 2.12128, 2319.02, 1.10239, 0.28745, 0.318469, 0.348303, 0.408934, 0.289269, 0.416667, 0.335806
158, 0.79, 92.7691, 5297, 2644.53, 41.5974, 5297, 2644.53, 34.5943, 9.4334, 7.88949, 3.49592, 6.30105, 9.45706, 7.93094, 6.19458, 2.80308, 6.22084, 7.41842, 1.14492, 6.3437, 1.01337, 0.000758632, 0.248842, 0.260904, 0.412722, 0.236707, 0.409122, 0.442117, 7.34974, 5.9065, 2.68074, 5.10304, 7.12371, 2.13405, 2152.53, 1.10403, 0.294192, 0.322093, 0.353069, 0.406242, 0.29171, 0.415602, 0.334335
159, 0.795, 92.8554, 5306, 2653.34, 42.4786, 5306, 2653.34, 35.2592, 9.47939, 7.92513, 3.50868, 6.37133, 9.4966, 8.00776, 6.25668, 2.82911, 6.28857, 7.48708, 1.1508, 8.21668, 1.01345, 0.000746526, 0.249775, 0.259162, 0.41698, 0.240182, 0.409467, 0.45514, 7.39363, 5.95127, 2.70037, 5.14279, 7.1725, 2.12886, 2105.83, 1.10689, 0.295063, 0.323999, 0.354117, 0.409122, 0.29435, 0.417324, 0.341535
160, 0.8, 92.9415, 5275, 2622.66, 41.3153, 5275, 2622.66, 34.3028, 9.48681, 7.92992, 3.51017, 6.33787, 9.51067, 8.00751, 6.25019, 2.82686, 6.25886, 7.48555, 1.13828, 7.04596, 1.01363, 0.00076919, 0.250063, 0.260223, 0.414194, 0.239842, 0.411501, 0.447032, 7.40308, 5.95731, 2.70287, 5.15731, 7.18288, 2.22885, 2418.97, 1.10453, 0.28827, 0.323373, 0.352906, 0.408371, 0.294477, 0.417324, 0.340659
161, 0.805, 93.0275, 5309, 2656.59, 39.6833, 5309, 2656.59, 33.1461, 9.52336, 7.93522, 3.51199, 6.31419, 9.51362, 8.05291, 6.26649, 2.83454, 6.23637, 7.50585, 1.16252, 14.9863, 1.01362, 0.000775697, 0.253305, 0.265433, 0.415821, 0.241041, 0.411658, 0.456705, 7.45141, 5.98858, 2.71305, 5.13924, 7.22305, 2.11926, 2122.08, 1.10431, 0.294932, 0.3265, 0.35792, 0.409122, 0.295726, 0.418357, 0.346544
162, 0.81, 93.1133, 5293, 2640.31, 42.3023, 5293, 2640.31, 35.0114, 9.43123, 7.89471, 3.496, 6.34995, 9.45597, 7.97984, 6.24289, 2.823, 6.24163, 7.46674, 1.14624, 7.87971, 1.01346, 0.000768304, 0.252875, 0.264452, 0.415728, 0.241289, 0.412127, 0.455641, 7.38392, 5.96095, 2.6998, 5.11834, 7.1771, 2.20267, 2431.8, 1.10444, 0.293522, 0.325464, 0.356957, 0.40812, 0.295112, 0.419735, 0.34526
163, 0.815, 93.199, 5344, 2691.28, 40.1447, 5344, 2691.28, 33.4818, 9.56066, 7.99999, 3.53522, 6.49046, 9.57672, 8.05134, 6.29327, 2.84157, 6.42722, 7.52841, 1.20488, 57.738, 1.01352, 0.000715438, 0.252443, 0.261704, 0.416072, 0.242997, 0.40762, 0.461276, 7.47446, 6.01326, 2.71798, 5.30078, 7.23991, 2.18452, 2209.42, 1.10576, 0.292118, 0.326106, 0.35232, 0.407651, 0.300406, 0.416041, 0.356812
164, 0.82, 93.2845, 5251, 2598.93, 44.6051, 5251, 2598.93, 36.7769, 9.33148, 7.84572, 3.48282, 6.28682, 9.40983, 7.90195, 6.20771, 2.81609, 6.21264, 7.44547, 1.14399, 7.93407, 1.01332, 0.00071624, 0.256928, 0.268633, 0.41914, 0.244908, 0.409279, 0.451478, 7.33534, 5.9268, 2.69386, 5.08982, 7.15263, 2.19329, 2261.53, 1.10307, 0.286585, 0.328515, 0.357056, 0.4105, 0.300444, 0.417919, 0.349267
165, 0.825, 93.3698, 5278, 2625.7, 41.4462, 5278, 2625.7, 34.2083, 9.42016, 7.91888, 3.50483, 6.33761, 9.48169, 7.96751, 6.26368, 2.83037, 6.2701, 7.48852, 1.13023, 4.87262, 1.01343, 0.000727859, 0.254974, 0.267073, 0.411533, 0.243123, 0.415947, 0.451258, 7.40308, 5.99831, 2.7126, 5.1713, 7.22189, 2.0892, 2177.72, 1.10181, 0.282915, 0.327214, 0.358811, 0.404489, 0.297219, 0.42299, 0.349768
166, 0.83, 93.455, 5338, 2685.47, 37.3694, 5338, 2685.47, 30.9528, 9.38502, 7.89325, 3.50065, 6.31916, 9.46422, 7.94709, 6.24174, 2.83018, 6.24775, 7.473, 1.13455, 5.48492, 1.01349, 0.000730889, 0.25708, 0.268647, 0.416635, 0.245376, 0.411877, 0.455892, 7.38956, 5.97733, 2.70886, 5.1405, 7.20006, 2.42342, 3272.46, 1.10516, 0.294525, 0.328314, 0.358219, 0.40762, 0.299239, 0.420893, 0.352899
167, 0.835, 93.5401, 5304, 2651.61, 43.966, 5304, 2651.61, 36.1177, 9.38295, 7.90641, 3.5026, 6.35168, 9.46681, 7.91861, 6.2242, 2.82064, 6.27947, 7.45003, 1.15535, 8.4836, 1.01357, 0.000724307, 0.258602, 0.268451, 0.417293, 0.248533, 0.408027, 0.452323, 7.39457, 5.97238, 2.70308, 5.1861, 7.19337, 2.16803, 2254.83, 1.10321, 0.286248, 0.331461, 0.358134, 0.412002, 0.304849, 0.413317, 0.359755
168, 0.84, 93.6249, 5424, 2771.21, 35.1703, 5424, 2771.21, 28.9829, 9.36495, 7.87695, 3.48835, 6.18456, 9.42536, 7.9069, 6.20334, 2.81245, 6.15915, 7.42378, 1.20073, 60.657, 1.01319, 0.000717807, 0.257791, 0.269234, 0.417731, 0.24611, 0.407964, 0.450382, 7.39075, 5.96795, 2.70398, 5.14905, 7.19446, 2.17756, 2324.1, 1.09875, 0.275895, 0.330662, 0.35917, 0.410562, 0.302465, 0.415133, 0.361007
169, 0.845, 93.7097, 5359, 2705.3, 52.9577, 5359, 2705.3, 43.3411, 9.25637, 7.78086, 3.46389, 5.76988, 9.33439, 7.77692, 6.09232, 2.77889, 5.87259, 7.31412, 1.14627, 6.65083, 1.01292, 0.000685585, 0.260022, 0.27152, 0.415728, 0.248236, 0.405084, 0.440615, 7.36057, 5.93448, 2.68925, 5.143, 7.15028, 2.12658, 2246.21, 1.09527, 0.268008, 0.331443, 0.361577, 0.405898, 0.301837, 0.414914, 0.358628
170, 0.85, 93.7942, 5391, 2738.58, 47.1809, 5391, 2738.58, 38.5796, 9.22362, 7.76678, 3.46193, 5.8679, 9.33416, 7.76703, 6.09964, 2.78283, 5.90952, 7.32795, 1.21654, 63.784, 1.01301, 0.000708737, 0.258909, 0.269377, 0.417981, 0.248189, 0.404896, 0.439957, 7.35575, 5.94336, 2.69378, 5.15608, 7.16432, 2.16422, 2271.25, 1.09382, 0.267754, 0.331788, 0.359727, 0.406555, 0.304626, 0.416322, 0.357219
171, 0.855, 93.8787, 5397, 2744.09, 46.1242, 5397, 2744.09, 37.8073, 9.18371, 7.74702, 3.45547, 5.86981, 9.31872, 7.74956, 6.0946, 2.78383, 5.90377, 7.3244, 1.21153, 63.1641, 1.01302, 0.000708171, 0.260184, 0.269989, 0.412034, 0.250431, 0.412722, 0.443683, 7.36846, 5.94965, 2.69826, 5.15861, 7.17468, 2.22192, 2326.55, 1.0941, 0.2729, 0.333816, 0.363908, 0.404395, 0.304721, 0.420361, 0.363542
172, 0.86, 93.9629, 5404, 2750, 40.8677, 5404, 2750, 33.5171, 9.23601, 7.77875, 3.4669, 6.07004, 9.3626, 7.80816, 6.12963, 2.79744, 6.03171, 7.37051, 1.2005, 62.5471, 1.01326, 0.000719853, 0.261329, 0.27198, 0.419421, 0.250389, 0.407213, 0.449818, 7.36401, 5.94203, 2.69822, 5.13155, 7.17408, 2.1755, 2320.29, 1.09716, 0.279584, 0.33301, 0.363269, 0.406962, 0.303637, 0.419672, 0.361695
173, 0.865, 94.0471, 5651, 3002.51, 71.2561, 5651, 3002.51, 58.1272, 9.27915, 7.81704, 3.48027, 6.18783, 9.39684, 7.84072, 6.15428, 2.80558, 6.11844, 7.39641, 1.14776, 6.31884, 1.01348, 0.000740291, 0.261571, 0.270744, 0.416948, 0.252259, 0.40931, 0.456518, 7.39745, 5.96459, 2.7038, 5.1907, 7.19627, 2.15302, 2251.6, 1.09899, 0.284641, 0.336561, 0.366503, 0.406587, 0.307419, 0.419672, 0.367424
174, 0.87, 94.131, 5661, 3013.27, 38.1158, 5661, 3013.27, 31.3098, 9.23385, 7.75755, 3.46186, 5.78805, 9.32706, 7.79865, 6.10878, 2.79063, 5.84246, 7.33747, 1.253, 103.198, 1.01337, 0.00073816, 0.26138, 0.272046, 0.416448, 0.25064, 0.409247, 0.447189, 7.38179, 5.95437, 2.70141, 5.15808, 7.18403, 2.22678, 2363.85, 1.09447, 0.257667, 0.333966, 0.363892, 0.404959, 0.305265, 0.420736, 0.363135
175, 0.875, 94.2148, 5584, 2932.78, 38.6473, 5584, 2932.78, 31.7106, 9.23853, 7.77481, 3.45954, 5.70514, 9.32144, 7.80948, 6.12123, 2.79138, 5.77666, 7.34857, 1.25532, 88.2126, 1.01339, 0.000759775, 0.265288, 0.273773, 0.422302, 0.256433, 0.404239, 0.454577, 7.37647, 5.93621, 2.69684, 5.08884, 7.16105, 2.27326, 2367.63, 1.096, 0.253914, 0.338939, 0.368209, 0.408715, 0.310268, 0.417825, 0.366172
176, 0.88, 94.2985, 5433, 2776.74, 43.7793, 5433, 2776.74, 35.8276, 9.16439, 7.74233, 3.45147, 5.69098, 9.29962, 7.68226, 6.03155, 2.75758, 5.77768, 7.2559, 1.25958, 81.6526, 1.01343, 0.000752355, 0.264883, 0.273096, 0.415383, 0.256407, 0.40308, 0.448504, 7.26903, 5.86089, 2.66494, 5.0977, 7.08173, 2.60985, 3517.23, 1.097, 0.258013, 0.33882, 0.367747, 0.40499, 0.310442, 0.413474, 0.366642
177, 0.885, 94.382, 5518, 2863.72, 45.3519, 5518, 2863.72, 36.8802, 9.21132, 7.78066, 3.46559, 5.74393, 9.33045, 7.71963, 6.06664, 2.76858, 5.8385, 7.28425, 1.1545, 14.9093, 1.01346, 0.000751452, 0.266913, 0.276489, 0.414444, 0.257119, 0.403894, 0.450351, 7.29877, 5.89517, 2.67479, 5.13478, 7.10291, 2.15728, 2310.86, 1.09673, 0.254804, 0.339825, 0.370611, 0.40355, 0.30969, 0.414788, 0.370398
178, 0.89, 94.4654, 5622, 2972.06, 38.8426, 5622, 2972.06, 31.9923, 9.14418, 7.72164, 3.44271, 5.71157, 9.26834, 7.71237, 6.06533, 2.77034, 5.7838, 7.28805, 1.18416, 16.0299, 1.01334, 0.000747786, 0.266056, 0.277942, 0.418044, 0.253846, 0.406148, 0.452886, 7.33815, 5.91669, 2.68465, 5.12809, 7.13511, 2.15774, 2273.96, 1.09471, 0.259848, 0.339623, 0.369187, 0.408308, 0.310597, 0.415884, 0.374437
179, 0.895, 94.5487, 5610, 2959.68, 39.9539, 5610, 2959.68, 32.9048, 9.18964, 7.76992, 3.45682, 5.81936, 9.31403, 7.75958, 6.10974, 2.78499, 5.86181, 7.33455, 1.16519, 10.9085, 1.01338, 0.000786306, 0.268423, 0.278237, 0.417762, 0.258375, 0.40762, 0.463749, 7.32307, 5.90982, 2.68644, 5.0745, 7.13308, 2.10566, 2241.59, 1.09749, 0.259945, 0.340515, 0.368716, 0.410093, 0.312623, 0.415289, 0.376847
180, 0.9, 94.6317, 5584, 2932.5, 50.1539, 5584, 2932.5, 40.689, 9.19607, 7.75635, 3.45354, 5.65885, 9.30428, 7.72358, 6.05774, 2.76556, 5.74679, 7.27142, 1.16672, 11.5495, 1.0134, 0.000776341, 0.267328, 0.278541, 0.413474, 0.255929, 0.406868, 0.459429, 7.30691, 5.89514, 2.67427, 5.06513, 7.10015, 2.20844, 2306.25, 1.09752, 0.260404, 0.341782, 0.369686, 0.403706, 0.31469, 0.416635, 0.375783
181, 0.905, 94.7147, 5554, 2900.73, 47.8994, 5554, 2900.73, 38.8189, 9.02179, 7.62204, 3.41336, 5.46694, 9.1706, 7.56781, 5.94053, 2.7287, 5.58507, 7.15237, 1.16805, 10.8835, 1.01336, 0.000762882, 0.271858, 0.282587, 0.416886, 0.260768, 0.40186, 0.446813, 7.2053, 5.81054, 2.64978, 4.9921, 7.02348, 2.19916, 2312.8, 1.09225, 0.247485, 0.343934, 0.374125, 0.406618, 0.314193, 0.412127, 0.374186
182, 0.91, 94.7975, 5493, 2837.95, 41.4562, 5493, 2837.95, 33.9897, 8.96858, 7.56715, 3.39265, 5.43195, 9.10467, 7.57363, 5.94775, 2.73475, 5.54757, 7.16313, 1.13139, 4.46227, 1.01295, 0.00069118, 0.27038, 0.280987, 0.417293, 0.259591, 0.407651, 0.444152, 7.21043, 5.81108, 2.65291, 4.95236, 7.02143, 2.21027, 2372.58, 1.09194, 0.239283, 0.342868, 0.372827, 0.406242, 0.313788, 0.418701, 0.376753
183, 0.915, 94.8801, 5534, 2879.85, 35.3172, 5534, 2879.85, 28.8028, 9.01049, 7.61564, 3.41066, 5.5452, 9.16092, 7.54877, 5.92865, 2.72333, 5.65368, 7.14011, 1.23935, 74.2191, 1.01318, 0.000708748, 0.273708, 0.285842, 0.413067, 0.261312, 0.404458, 0.449631, 7.18, 5.78774, 2.64093, 5.03124, 6.99196, 2.25196, 2361.23, 1.09326, 0.24637, 0.344948, 0.37607, 0.401797, 0.314854, 0.415728, 0.373748
184, 0.92, 94.9626, 5577, 2924.91, 42.2579, 5577, 2924.91, 34.4205, 9.07824, 7.65376, 3.41797, 5.6264, 9.18503, 7.67168, 6.02122, 2.75747, 5.70468, 7.23833, 1.19285, 24.4017, 1.01301, 0.000706468, 0.27265, 0.283949, 0.420173, 0.260965, 0.40571, 0.45561, 7.29251, 5.87038, 2.6726, 5.03834, 7.08573, 2.09515, 2215.37, 1.09319, 0.245989, 0.344564, 0.373907, 0.409999, 0.315654, 0.415884, 0.382044
185, 0.925, 95.045, 5463, 2808.06, 44.0747, 5463, 2808.06, 36.2573, 8.97375, 7.56536, 3.39138, 5.49114, 9.09021, 7.57939, 5.94947, 2.73449, 5.59635, 7.1529, 1.17426, 11.3122, 1.01294, 0.000712179, 0.274359, 0.282257, 0.417042, 0.266326, 0.408089, 0.455265, 7.20511, 5.80919, 2.65156, 4.96895, 7.01097, 2.37812, 3381.16, 1.09308, 0.241385, 0.346507, 0.37388, 0.40643, 0.319978, 0.418701, 0.380197
186, 0.93, 95.1272, 5495, 2840.17, 51.3771, 5495, 2840.17, 42.0688, 8.98954, 7.59349, 3.40094, 5.52213, 9.13162, 7.59517, 5.97232, 2.74339, 5.6361, 7.19824, 1.16508, 7.04518, 1.01299, 0.000712329, 0.273884, 0.284721, 0.41939, 0.262677, 0.406086, 0.454076, 7.20736, 5.82093, 2.65469, 4.96163, 7.03688, 2.1447, 2269.19, 1.09428, 0.242795, 0.346111, 0.376659, 0.410562, 0.315957, 0.414914, 0.37763
187, 0.935, 95.2093, 5447, 2791.67, 41.4959, 5447, 2791.67, 33.8095, 8.96784, 7.55011, 3.38777, 5.4935, 9.08674, 7.57676, 5.9335, 2.7322, 5.59491, 7.16113, 1.17238, 10.6472, 1.01303, 0.000718101, 0.274199, 0.285414, 0.416103, 0.262766, 0.40931, 0.455359, 7.17675, 5.75654, 2.63719, 4.89656, 6.97031, 2.71288, 9200.73, 1.09764, 0.249691, 0.346532, 0.375532, 0.408684, 0.318163, 0.416729, 0.373748
188, 0.94, 95.2912, 5359, 2703, 50.3497, 5359, 2703, 41.123, 9.00797, 7.58761, 3.40396, 5.5191, 9.12973, 7.60387, 5.94821, 2.74216, 5.6209, 7.17776, 1.1872, 12.2258, 1.01311, 0.000728049, 0.277655, 0.290432, 0.417042, 0.264585, 0.40762, 0.459304, 7.19785, 5.77504, 2.64363, 4.87903, 6.98185, 2.46134, 3474.19, 1.09821, 0.248517, 0.351011, 0.38295, 0.404677, 0.320283, 0.419985, 0.380572
189, 0.945, 95.373, 5156, 2503.16, 46.8646, 5156, 2503.16, 37.8504, 8.97024, 7.56301, 3.39456, 5.46552, 9.09964, 7.53982, 5.90311, 2.72035, 5.57089, 7.12416, 1.16455, 10.5689, 1.01317, 0.000739588, 0.276912, 0.286793, 0.420267, 0.266483, 0.400263, 0.457613, 7.11257, 5.7108, 2.61842, 4.79537, 6.91182, 2.15223, 2261.48, 1.10019, 0.252962, 0.350422, 0.378023, 0.407682, 0.323159, 0.412847, 0.375845
190, 0.95, 95.4547, 5131, 2479.28, 48.6264, 5131, 2479.28, 39.7135, 8.93296, 7.54213, 3.3896, 5.56218, 9.09875, 7.51941, 5.89278, 2.72064, 5.63829, 7.12076, 1.17573, 8.59513, 1.01312, 0.000742261, 0.277359, 0.289427, 0.415696, 0.265061, 0.406117, 0.456518, 7.08596, 5.69474, 2.6162, 4.78533, 6.90942, 2.09751, 2185.58, 1.09868, 0.249465, 0.34995, 0.379304, 0.408371, 0.321185, 0.413442, 0.377692
191, 0.955, 95.5362, 5158, 2505.26, 48.2742, 5158, 2505.26, 38.9136, 8.90027, 7.53578, 3.38504, 5.45942, 9.07728, 7.48735, 5.88001, 2.71421, 5.5492, 7.10643, 1.1957, 18.8312, 1.01325, 0.000762377, 0.276195, 0.28604, 0.421456, 0.26577, 0.399699, 0.455766, 7.08052, 5.69113, 2.61304, 4.73338, 6.90064, 2.07646, 2219.17, 1.09804, 0.251413, 0.350209, 0.376613, 0.411345, 0.323846, 0.409811, 0.37979
192, 0.96, 95.6176, 5191, 2537.23, 39.7514, 5191, 2537.23, 32.0697, 8.94005, 7.54404, 3.39131, 5.38566, 9.0927, 7.54364, 5.90943, 2.73013, 5.50499, 7.1446, 1.14057, 2.55531, 1.01311, 0.000745104, 0.278963, 0.290247, 0.418701, 0.267409, 0.405428, 0.461746, 7.14576, 5.73705, 2.63362, 4.7857, 6.95479, 2.58916, 9386.21, 1.09778, 0.245785, 0.352568, 0.382083, 0.409936, 0.323329, 0.414194, 0.382701
193, 0.965, 95.6988, 5153, 2500.17, 54.4849, 5153, 2500.17, 43.66, 8.9416, 7.56793, 3.3935, 5.55193, 9.10765, 7.53024, 5.91162, 2.72465, 5.62201, 7.13962, 1.14519, 5.10304, 1.01323, 0.000749063, 0.27968, 0.291189, 0.421143, 0.267672, 0.401139, 0.460118, 7.12578, 5.72134, 2.62286, 4.78402, 6.9354, 2.16898, 2314.33, 1.09844, 0.256233, 0.354158, 0.383083, 0.411846, 0.325166, 0.410437, 0.385237
194, 0.97, 95.7799, 5188, 2533.32, 30.546, 5188, 2533.32, 25.048, 8.81112, 7.46944, 3.36821, 5.43794, 9.0184, 7.40558, 5.82085, 2.69715, 5.52331, 7.05379, 1.16848, 10.669, 1.01325, 0.000768401, 0.279561, 0.289956, 0.422114, 0.268528, 0.397946, 0.454577, 6.98691, 5.62597, 2.59401, 4.69013, 6.83429, 2.07462, 2174.44, 1.09928, 0.248483, 0.353518, 0.380964, 0.409874, 0.326094, 0.410187, 0.374969
195, 0.975, 95.8609, 4736, 2125.59, 33.2834, 4736, 2125.59, 27.0812, 8.78529, 7.43641, 3.35956, 5.33412, 8.97543, 7.39732, 5.80517, 2.69665, 5.44371, 7.03085, 1.14917, 6.61773, 1.01306, 0.00075329, 0.283734, 0.296935, 0.420079, 0.269919, 0.40164, 0.460932, 6.99768, 5.6381, 2.59992, 4.66704, 6.84895, 2.11896, 2290.55, 1.09676, 0.247374, 0.357147, 0.387509, 0.411564, 0.326651, 0.410155, 0.381543
196, 0.98, 95.9417, 4727, 2116.97, 28.9421, 4727, 2116.97, 23.6392, 8.77994, 7.44233, 3.35507, 5.39013, 8.97737, 7.37271, 5.79338, 2.68472, 5.4895, 7.01364, 1.16494, 5.48124, 1.01304, 0.00075549, 0.282366, 0.296999, 0.416228, 0.267223, 0.402893, 0.45633, 6.94421, 5.59683, 2.58362, 4.65861, 6.80027, 2.14135, 2315.52, 1.09765, 0.248204, 0.354989, 0.388152, 0.406993, 0.322202, 0.412127, 0.378068
197, 0.985, 96.0224, 5097, 2445.88, 38.6011, 5097, 2445.88, 31.2097, 8.92467, 7.53773, 3.38871, 5.62833, 9.08199, 7.49424, 5.86697, 2.71029, 5.64967, 7.09365, 1.14173, 4.01329, 1.01334, 0.00079385, 0.282582, 0.292052, 0.418701, 0.272693, 0.400795, 0.472734, 7.02229, 5.65133, 2.60264, 4.73727, 6.86071, 2.14503, 2327.98, 1.1029, 0.272733, 0.35673, 0.386854, 0.410187, 0.326607, 0.40931, 0.385706
198, 0.99, 96.1029, 4736, 2125.21, 29.8641, 4736, 2125.21, 24.4754, 8.87304, 7.50527, 3.38159, 5.6345, 9.03793, 7.46106, 5.8466, 2.70742, 5.63114, 7.06863, 1.14477, 3.4396, 1.0135, 0.00081866, 0.283129, 0.291547, 0.424555, 0.274218, 0.396099, 0.47433, 7.00701, 5.63606, 2.60181, 4.7301, 6.84794, 2.09534, 2209.1, 1.10285, 0.278441, 0.356552, 0.385584, 0.415915, 0.326773, 0.40474, 0.385487
199, 0.995, 96.1834, 5059, 2410.25, 44.6518, 5059, 2410.25, 35.8023, 8.68871, 7.40053, 3.34909, 5.37706, 8.9479, 7.27849, 5.7337, 2.6707, 5.46106, 6.96771, 1.17118, 9.44921, 1.01311, 0.000770586, 0.282326, 0.292795, 0.422333, 0.271125, 0.394252, 0.459648, 6.91648, 5.58132, 2.58185, 4.74555, 6.79467, 2.02628, 2185.63, 1.09771, 0.258609, 0.354594, 0.382647, 0.413567, 0.325958, 0.403018, 0.388962
200, 1, 96.2636, 5237, 2581.89, 41.2233, 5237, 2581.89, 33.0346, 8.84727, 7.50066, 3.3789, 5.4419, 9.0509, 7.42712, 5.83018, 2.70217, 5.53549, 7.06695, 1.17381, 9.80267, 1.01332, 0.000786787, 0.283573, 0.294097, 0.421425, 0.272492, 0.397602, 0.470417, 6.9861, 5.64271, 2.60039, 4.7315, 6.8604, 2.24345, 2461.3, 1.10237, 0.26649, 0.35967, 0.389146, 0.412159, 0.329789, 0.406868, 0.382419
