0.005, 0.000526936, 0.00111566, 5.73791e-05, 0.000113505, 0.000105624, 0.000210279
0.01, 0.00233451, 0.00512387, 0.000264817, 0.000525512, 0.000490941, 0.000978527
0.015, 0.0056484, 0.0126457, 0.000660806, 0.00131408, 0.00123068, 0.00245538
0.02, 0.0106254, 0.0240886, 0.00127436, 0.00253743, 0.00238108, 0.00475365
0.025, 0.0173905, 0.0397542, 0.0021289, 0.00424313, 0.00398838, 0.0079654
0.03, 0.0260425, 0.0598911, 0.00324459, 0.00647118, 0.00609189, 0.0121686
0.035, 0.0366649, 0.0846977, 0.00463875, 0.00925625, 0.0087256, 0.0174311
0.04, 0.0493264, 0.114347, 0.00632675, 0.0126288, 0.0119199, 0.023812
0.045, 0.0640843, 0.148987, 0.00832202, 0.0166154, 0.0157012, 0.0313644
0.05, 0.0809876, 0.188748, 0.0106366, 0.0212401, 0.0200933, 0.0401349
0.055, 0.100079, 0.233738, 0.0132814, 0.0265243, 0.0251173, 0.0501662
0.06, 0.121397, 0.284063, 0.0162664, 0.0324871, 0.0307929, 0.0614963
0.065, 0.144972, 0.339817, 0.0196004, 0.0391456, 0.037137, 0.0741592
0.07, 0.170834, 0.401077, 0.0232917, 0.0465154, 0.044165, 0.0881866
0.075, 0.199003, 0.467909, 0.027347, 0.0546106, 0.0518908, 0.103606
0.08, 0.229507, 0.540376, 0.0317732, 0.0634437, 0.0603274, 0.120443
0.085, 0.262359, 0.618549, 0.0365759, 0.073026, 0.0694853, 0.138719
0.09, 0.297579, 0.702462, 0.0417602, 0.0833667, 0.0793749, 0.158455
0.095, 0.335177, 0.792154, 0.0473308, 0.0944749, 0.0900041, 0.179667
0.1, 0.375166, 0.887672, 0.0532915, 0.106358, 0.10138, 0.202371
0.105, 0.417563, 0.989034, 0.0596466, 0.119023, 0.113511, 0.226581
0.11, 0.462368, 1.09627, 0.0663981, 0.132474, 0.1264, 0.252305
0.115, 0.509585, 1.20938, 0.0735481, 0.146717, 0.140053, 0.279556
0.12, 0.55923, 1.32839, 0.081099, 0.161754, 0.154472, 0.308335
0.125, 0.611285, 1.45329, 0.089052, 0.177586, 0.169658, 0.338648
0.13, 0.665768, 1.58409, 0.0974071, 0.194215, 0.185614, 0.370499
0.135, 0.722678, 1.72079, 0.106165, 0.211645, 0.202341, 0.403892
0.14, 0.782009, 1.86337, 0.115328, 0.229873, 0.219838, 0.438825
0.145, 0.843754, 2.01181, 0.124895, 0.248899, 0.238104, 0.475296
0.15, 0.907922, 2.16609, 0.134863, 0.268721, 0.257139, 0.513303
0.155, 0.974487, 2.32618, 0.145232, 0.289336, 0.276937, 0.552838
0.16, 1.04343, 2.49205, 0.156, 0.310736, 0.297494, 0.593891
0.165, 1.11476, 2.66369, 0.167164, 0.33292, 0.318806, 0.636454
0.17, 1.18845, 2.84104, 0.178721, 0.355879, 0.340866, 0.680515
0.175, 1.2645, 3.02401, 0.190666, 0.379608, 0.363667, 0.72606
0.18, 1.34289, 3.21248, 0.202996, 0.404094, 0.387202, 0.773071
0.185, 1.42171, 3.3829, 0.215113, 0.4284, 0.410965, 0.820132
0.19, 1.50326, 3.56022, 0.227442, 0.453382, 0.435549, 0.868533
0.195, 1.59379, 3.72581, 0.240673, 0.47934, 0.461117, 0.919111
0.2, 1.68858, 3.90995, 0.254754, 0.507057, 0.488268, 0.973
0.205, 1.78508, 4.08174, 0.269042, 0.534882, 0.515157, 1.02693
0.21, 1.88551, 4.26297, 0.283913, 0.564031, 0.543376, 1.08351
0.215, 1.99159, 4.46112, 0.29937, 0.594318, 0.572614, 1.1422
0.22, 2.09933, 4.66648, 0.315234, 0.62559, 0.603042, 1.20319
0.225, 2.20914, 4.87928, 0.331649, 0.657892, 0.634465, 1.26629
0.23, 2.32106, 5.09946, 0.348569, 0.691153, 0.666799, 1.33128
0.235, 2.42537, 5.33367, 0.365168, 0.723984, 0.699508, 1.39623
0.24, 2.5424, 5.57482, 0.382555, 0.758571, 0.733427, 1.46393
0.245, 2.65423, 5.80182, 0.400235, 0.793333, 0.767847, 1.53245
0.25, 2.77252, 6.02448, 0.417667, 0.828306, 0.802878, 1.60181
0.255, 2.8902, 6.24329, 0.435846, 0.865437, 0.839058, 1.67424
0.26, 3.0162, 6.4637, 0.455576, 0.904883, 0.877273, 1.75145
0.265, 3.14988, 6.6961, 0.476046, 0.945531, 0.916746, 1.83107
0.27, 3.30549, 6.92499, 0.497364, 0.986425, 0.957435, 1.91167
0.275, 3.4626, 7.16813, 0.519045, 1.02792, 0.998645, 1.99328
0.28, 3.62486, 7.42274, 0.541152, 1.07037, 1.04058, 2.07666
0.285, 3.781, 7.68388, 0.563748, 1.11399, 1.0836, 2.16221
0.29, 3.93722, 7.95256, 0.585899, 1.15846, 1.12694, 2.24917
0.295, 4.09489, 8.20002, 0.607823, 1.202, 1.17013, 2.33488
0.3, 4.27284, 8.43716, 0.629687, 1.24534, 1.21273, 2.42053
0.305, 4.45619, 8.6731, 0.652129, 1.2906, 1.25778, 2.50899
0.31, 4.64143, 8.92624, 0.675672, 1.33801, 1.3045, 2.60113
0.315, 4.8234, 9.19282, 0.699933, 1.38705, 1.35243, 2.69618
0.32, 5.00548, 9.46996, 0.724753, 1.43743, 1.40152, 2.79355
0.325, 5.18869, 9.75606, 0.750093, 1.48896, 1.45165, 2.89295
0.33, 5.37685, 10.0487, 0.775835, 1.5413, 1.50244, 2.99268
0.335, 5.56689, 10.3547, 0.801593, 1.59377, 1.55351, 3.09379
0.34, 5.75666, 10.6685, 0.827726, 1.64712, 1.60529, 3.19657
0.345, 5.93978, 10.9873, 0.854748, 1.70041, 1.65672, 3.30021
0.35, 6.12828, 11.3086, 0.882333, 1.75515, 1.70914, 3.40666
0.355, 6.30157, 11.6055, 0.910508, 1.81119, 1.76292, 3.51611
0.36, 6.48186, 11.8987, 0.939623, 1.86883, 1.8174, 3.62966
0.365, 6.67766, 12.2085, 0.96938, 1.92745, 1.87342, 3.74537
0.37, 6.87654, 12.5319, 0.999301, 1.98715, 1.93054, 3.86285
0.375, 7.07252, 12.8681, 1.02934, 2.04692, 1.98694, 3.97942
0.38, 7.2731, 13.2225, 1.05976, 2.10801, 2.04475, 4.098
0.385, 7.48934, 13.5817, 1.0915, 2.1721, 2.105, 4.22107
0.39, 7.70901, 13.9452, 1.1231, 2.23735, 2.16758, 4.34683
0.395, 7.91908, 14.2825, 1.15475, 2.30264, 2.2309, 4.47287
0.4, 8.12918, 14.5795, 1.18622, 2.36792, 2.29353, 4.59724
0.405, 8.34999, 14.9083, 1.21868, 2.43462, 2.3575, 4.72575
0.41, 8.56652, 15.2302, 1.25119, 2.50118, 2.42185, 4.85531
0.415, 8.82072, 15.5447, 1.28393, 2.56761, 2.487, 4.9848
0.42, 9.07483, 15.8997, 1.31767, 2.6358, 2.553, 5.11761
0.425, 9.33351, 16.2616, 1.35123, 2.70232, 2.61659, 5.2477
0.43, 9.59318, 16.6433, 1.38581, 2.77103, 2.68235, 5.38159
0.435, 9.85538, 17.0341, 1.42126, 2.84148, 2.75, 5.51914
0.44, 10.122, 17.4356, 1.45749, 2.91347, 2.81923, 5.65999
0.445, 10.3917, 17.8451, 1.49445, 2.98687, 2.88988, 5.80373
0.45, 10.6642, 18.2623, 1.5321, 3.06156, 2.96182, 5.9501
0.455, 10.9319, 18.6908, 1.5704, 3.13729, 3.03471, 6.09836
0.46, 11.198, 19.1026, 1.60918, 3.21398, 3.10849, 6.24788
0.465, 11.4657, 19.521, 1.64837, 3.29246, 3.18364, 6.40063
0.47, 11.7002, 19.9665, 1.68756, 3.36943, 3.25754, 6.55232
0.475, 11.915, 20.3709, 1.72669, 3.44604, 3.33218, 6.70204
0.48, 12.1548, 20.7852, 1.76632, 3.52314, 3.40726, 6.85301
0.485, 12.4059, 21.2183, 1.80658, 3.6014, 3.48429, 7.0072
0.49, 12.7054, 21.5994, 1.84896, 3.68044, 3.5647, 7.16597
0.495, 12.9996, 22.0245, 1.89219, 3.76253, 3.64768, 7.33016
0.5, 13.2927, 22.4692, 1.93602, 3.84614, 3.73142, 7.49726
0.505, 13.5869, 22.9247, 1.98036, 3.93094, 3.81593, 7.66664
0.51, 13.885, 23.3885, 2.02514, 4.01669, 3.9012, 7.83799
0.515, 14.1838, 23.8577, 2.0704, 4.10353, 3.98715, 8.01123
0.52, 14.4631, 24.2979, 2.11725, 4.19096, 4.07401, 8.18643
0.525, 14.7507, 24.7569, 2.1655, 4.28093, 4.16372, 8.36677
0.53, 15.0176, 25.1695, 2.21291, 4.36773, 4.25182, 8.54421
0.535, 15.2601, 25.5998, 2.25936, 4.45417, 4.33872, 8.71876
0.54, 15.5309, 26.0408, 2.30618, 4.54162, 4.42566, 8.89472
0.545, 15.814, 26.5093, 2.35403, 4.63138, 4.51506, 9.07508
0.55, 16.0969, 26.9911, 2.40147, 4.72035, 4.60402, 9.25297
0.555, 16.3646, 27.4815, 2.44833, 4.80801, 4.69172, 9.42881
0.56, 16.6381, 27.9769, 2.49588, 4.89744, 4.78061, 9.6084
0.565, 16.9098, 28.3373, 2.54231, 4.98146, 4.86709, 9.78818
0.57, 17.1893, 28.7683, 2.5899, 5.06892, 4.95629, 9.96991
0.575, 17.4722, 29.2417, 2.63825, 5.1588, 5.04682, 10.1541
0.58, 17.7598, 29.737, 2.68725, 5.25059, 5.13859, 10.3407
0.585, 18.057, 30.2205, 2.73672, 5.34475, 5.2324, 10.528
0.59, 18.3756, 30.6191, 2.78657, 5.43956, 5.32628, 10.7205
0.595, 18.6948, 31.0568, 2.83668, 5.53437, 5.42033, 10.9127
0.6, 19.0232, 31.5337, 2.88746, 5.63089, 5.5162, 11.1068
0.605, 19.355, 32.0198, 2.93876, 5.72819, 5.61304, 11.3032
0.61, 19.6961, 32.5446, 2.99073, 5.8276, 5.71108, 11.5019
0.615, 20.0614, 33.1254, 3.04254, 5.92892, 5.81111, 11.7019
0.62, 20.4222, 33.6924, 3.09406, 6.02852, 5.90866, 11.9002
0.625, 20.7721, 34.26, 3.146, 6.12844, 6.00662, 12.0986
0.63, 21.1216, 34.8431, 3.19898, 6.23042, 6.10703, 12.3011
0.635, 21.4898, 35.4268, 3.25054, 6.33136, 6.20554, 12.5077
0.64, 21.8195, 36.032, 3.30161, 6.432, 6.30708, 12.7139
0.645, 22.1598, 36.605, 3.3533, 6.53043, 6.40831, 12.9197
0.65, 22.511, 37.1726, 3.40572, 6.63094, 6.51044, 13.1271
0.655, 22.8695, 37.7454, 3.45907, 6.73362, 6.61384, 13.3369
0.66, 23.2293, 38.3, 3.51383, 6.8383, 6.71879, 13.5491
0.665, 23.5814, 38.9317, 3.56854, 6.94246, 6.82521, 13.7641
0.67, 23.9622, 39.5988, 3.62453, 7.05011, 6.93614, 13.9841
0.675, 24.3345, 40.246, 3.67993, 7.15739, 7.04623, 14.2043
0.68, 24.693, 40.8548, 3.73469, 7.26323, 7.15515, 14.4193
0.685, 25.0741, 41.4999, 3.79263, 7.37182, 7.26677, 14.6398
0.69, 25.4652, 42.1651, 3.85207, 7.48359, 7.38052, 14.8656
0.695, 25.8682, 42.8408, 3.91222, 7.59677, 7.4954, 15.0945
0.7, 26.2693, 43.5442, 3.97339, 7.71223, 7.61282, 15.3269
0.705, 26.6677, 44.244, 4.03496, 7.82899, 7.73094, 15.5615
0.71, 27.0718, 44.947, 4.09655, 7.94578, 7.84894, 15.7973
0.715, 27.4689, 45.6671, 4.15809, 8.06397, 7.96745, 16.0345
0.72, 27.8592, 46.3896, 4.22006, 8.18169, 8.08641, 16.2714
0.725, 28.2817, 47.1314, 4.28179, 8.299, 8.20473, 16.5079
0.73, 28.696, 47.8555, 4.34409, 8.41748, 8.32435, 16.7459
0.735, 29.1614, 48.5817, 4.40733, 8.53802, 8.44712, 16.9881
0.74, 29.6066, 49.2549, 4.4694, 8.66033, 8.56977, 17.2305
0.745, 30.0433, 49.9231, 4.5321, 8.7829, 8.6922, 17.4737
0.75, 30.4836, 50.5846, 4.59438, 8.90371, 8.81141, 17.7138
0.755, 30.9166, 51.2523, 4.65707, 9.02585, 8.93256, 17.9553
0.76, 31.3509, 51.93, 4.72076, 9.14961, 9.05569, 18.2
0.765, 31.7877, 52.6153, 4.78524, 9.27475, 9.18036, 18.4473
0.77, 32.2279, 53.3068, 4.85035, 9.40108, 9.30629, 18.6967
0.775, 32.6714, 54.0034, 4.916, 9.52845, 9.43328, 18.9481
0.78, 33.1107, 54.7624, 4.98168, 9.65648, 9.56003, 19.2009
0.785, 33.5548, 55.5041, 5.04753, 9.78427, 9.68712, 19.4535
0.79, 34.0017, 56.2291, 5.11367, 9.91271, 9.81491, 19.707
0.795, 34.4511, 56.9485, 5.18018, 10.0419, 9.94346, 19.9619
0.8, 34.9031, 57.6665, 5.24706, 10.1719, 10.0728, 20.2183
0.805, 35.358, 58.3847, 5.31431, 10.3026, 10.2028, 20.476
0.81, 35.8229, 59.1015, 5.38215, 10.4349, 10.3342, 20.7364
0.815, 36.3116, 59.8374, 5.44968, 10.5656, 10.4633, 20.9946
0.82, 36.7845, 60.5577, 5.5151, 10.693, 10.5905, 21.2483
0.825, 37.2498, 61.2531, 5.58059, 10.8211, 10.7179, 21.5015
0.83, 37.7123, 61.9257, 5.64664, 10.9498, 10.8465, 21.7566
0.835, 38.1778, 62.6181, 5.71345, 11.0798, 10.9759, 22.0133
0.84, 38.6595, 63.2893, 5.78058, 11.206, 11.1001, 22.2652
0.845, 39.117, 63.9739, 5.84681, 11.33, 11.2238, 22.5158
0.85, 39.5399, 64.6738, 5.9133, 11.4546, 11.3492, 22.7661
0.855, 39.988, 65.3896, 5.98047, 11.5827, 11.4771, 23.0208
0.86, 40.4452, 66.1227, 6.04857, 11.7131, 11.6071, 23.2795
0.865, 40.8997, 66.8491, 6.11517, 11.8418, 11.7354, 23.5358
0.87, 41.3437, 67.5571, 6.18193, 11.971, 11.8663, 23.7905
0.875, 41.7914, 68.3066, 6.24859, 12.1016, 12.001, 24.0497
0.88, 42.2867, 69.0293, 6.31339, 12.2335, 12.1364, 24.3045
0.885, 42.7767, 69.7383, 6.37963, 12.3663, 12.2712, 24.5604
0.89, 43.2644, 70.469, 6.44717, 12.5004, 12.4068, 24.8207
0.895, 43.7543, 71.2154, 6.51569, 12.6357, 12.5432, 25.0847
0.9, 44.2378, 71.9708, 6.58446, 12.7711, 12.6808, 25.3515
0.905, 44.7308, 72.7056, 6.65232, 12.9053, 12.8181, 25.6195
0.91, 45.2437, 73.4347, 6.71983, 13.0378, 12.9541, 25.8868
0.915, 45.7598, 74.1712, 6.78809, 13.1714, 13.0907, 26.156
0.92, 46.2356, 74.8865, 6.85709, 13.3034, 13.2251, 26.4228
0.925, 46.748, 75.5639, 6.92462, 13.4321, 13.3542, 26.6819
0.93, 47.269, 76.247, 6.99204, 13.5627, 13.4853, 26.9444
0.935, 47.7911, 76.9417, 7.06025, 13.6943, 13.6185, 27.2099
0.94, 48.3152, 77.6532, 7.12947, 13.8277, 13.754, 27.4798
0.945, 48.8389, 78.3301, 7.19735, 13.9605, 13.8848, 27.7451
0.95, 49.418, 79.0366, 7.26644, 14.0953, 14.0213, 28.018
0.955, 49.9743, 79.7514, 7.33685, 14.2327, 14.16, 28.2944
0.96, 50.5163, 80.4767, 7.40807, 14.3715, 14.2998, 28.5731
0.965, 51.0585, 81.1381, 7.48055, 14.5142, 14.4396, 28.852
0.97, 51.6169, 81.7602, 7.5517, 14.6524, 14.5776, 29.1248
0.975, 52.1712, 82.4036, 7.62177, 14.7877, 14.712, 29.3956
0.98, 52.7258, 83.0673, 7.69014, 14.9234, 14.8458, 29.6653
0.985, 53.2619, 83.7515, 7.75891, 15.0583, 14.9805, 29.9357
0.99, 53.7939, 84.4544, 7.82839, 15.1934, 15.1156, 30.2078
0.995, 54.3141, 85.1888, 7.89774, 15.3282, 15.2478, 30.4816
1, 54.8559, 85.9121, 7.9666, 15.4619, 15.3807, 30.7527
