0.164472, 24.4011, 66.1722, 23.8726, 64.7391
0.174472, 21.3482, 54.2341, 20.8858, 53.0595
0.184472, 19.7052, 44.5514, 19.2784, 43.5865
0.194472, 18.7726, 37.507, 18.366, 36.6947
0.204472, 17.9114, 32.7566, 17.5235, 32.0472
0.214472, 16.7243, 29.5316, 16.3621, 28.892
0.224472, 15.1347, 27.045, 14.8069, 26.4592
0.234472, 13.3432, 24.7914, 13.0542, 24.2545
0.244472, 11.6811, 22.612, 11.4282, 22.1223
0.254472, 10.4273, 20.5558, 10.2015, 20.1106
0.264472, 9.67378, 18.6885, 9.46426, 18.2837
0.274472, 9.30222, 16.9953, 9.10076, 16.6272
0.284472, 9.06968, 15.4133, 8.87325, 15.0794
0.294472, 8.7431, 13.9185, 8.55375, 13.6171
0.304472, 8.2046, 12.5676, 8.0269, 12.2955
0.314472, 7.47839, 11.4559, 7.31642, 11.2078
0.324472, 6.68252, 10.6374, 6.53779, 10.407
0.334472, 5.94774, 10.0784, 5.81893, 9.86016
0.344472, 5.35218, 9.67555, 5.23626, 9.466
0.354472, 4.9002, 9.31396, 4.79407, 9.11224
0.364472, 4.54375, 8.91714, 4.44534, 8.72401
0.374472, 4.22383, 8.46076, 4.13235, 8.27752
0.384472, 3.90506, 7.95857, 3.82049, 7.7862
0.394472, 3.5869, 7.44351, 3.50922, 7.2823
0.404472, 3.29215, 6.95651, 3.22085, 6.80585
0.414472, 3.04659, 6.53752, 2.98061, 6.39593
0.424472, 2.86471, 6.2104, 2.80266, 6.0759
0.434472, 2.74729, 5.9653, 2.68779, 5.83611
0.444472, 2.68591, 5.75426, 2.62774, 5.62964
0.454472, 2.66615, 5.51185, 2.60841, 5.39248
0.464472, 2.6672, 5.1936, 2.60944, 5.08111
0.474472, 2.66258, 4.80726, 2.60491, 4.70315
0.484472, 2.62691, 4.41275, 2.57001, 4.31717
0.494472, 2.54678, 4.08718, 2.49162, 3.99866
0.504472, 2.42762, 3.87759, 2.37504, 3.79361
0.514472, 2.28995, 3.77308, 2.24035, 3.69137
0.524472, 2.15711, 3.7149, 2.11039, 3.63444
0.534472, 2.04318, 3.63512, 1.99893, 3.55639
0.544472, 1.9495, 3.49613, 1.90728, 3.42041
0.554472, 1.87023, 3.30529, 1.82972, 3.2337
0.564472, 1.80064, 3.10009, 1.76164, 3.03295
0.574472, 1.74063, 2.91939, 1.70293, 2.85616
0.584472, 1.69162, 2.7821, 1.65498, 2.72184
0.594472, 1.65089, 2.68417, 1.61513, 2.62603
0.604472, 1.60926, 2.60923, 1.57441, 2.55272
0.614472, 1.55488, 2.54112, 1.5212, 2.48609
0.624472, 1.48059, 2.47006, 1.44852, 2.41656
0.634472, 1.38966, 2.39277, 1.35956, 2.34094
0.644472, 1.29533, 2.31075, 1.26727, 2.26071
0.654472, 1.21397, 2.22941, 1.18768, 2.18113
0.664472, 1.156, 2.15656, 1.13097, 2.10985
0.674472, 1.12033, 2.09855, 1.09606, 2.0531
0.684472, 1.09594, 2.05525, 1.07221, 2.01074
0.694472, 1.06951, 2.01797, 1.04635, 1.97426
0.704472, 1.03369, 1.97345, 1.0113, 1.93071
0.714472, 0.990818, 1.9125, 0.969359, 1.87108
0.724472, 0.950139, 1.83727, 0.929561, 1.79748
0.734472, 0.921083, 1.76167, 0.901134, 1.72352
0.744472, 0.907357, 1.70389, 0.887705, 1.66699
0.754472, 0.905167, 1.67565, 0.885563, 1.63935
0.764472, 0.905827, 1.67521, 0.886209, 1.63893
0.774472, 0.900537, 1.68845, 0.881033, 1.65188
0.784472, 0.88462, 1.69679, 0.865461, 1.66004
0.794472, 0.859401, 1.68684, 0.840789, 1.65031
0.804472, 0.831232, 1.65606, 0.813229, 1.62019
0.814472, 0.808245, 1.61186, 0.79074, 1.57695
0.824472, 0.796338, 1.56584, 0.779091, 1.53193
0.834472, 0.79626, 1.52696, 0.779014, 1.49389
0.844472, 0.803277, 1.49748, 0.78588, 1.46505
0.854472, 0.809534, 1.4733, 0.792002, 1.44139
0.864472, 0.807755, 1.44787, 0.790261, 1.41651
0.874472, 0.794309, 1.41698, 0.777105, 1.38629
0.884472, 0.770289, 1.38164, 0.753606, 1.35172
0.894472, 0.740495, 1.34752, 0.724457, 1.31833
0.904472, 0.711151, 1.32145, 0.695749, 1.29283
0.914472, 0.687425, 1.30739, 0.672537, 1.27908
0.924472, 0.671624, 1.30428, 0.657078, 1.27603
0.934472, 0.662599, 1.30678, 0.648249, 1.27848
0.944472, 0.656628, 1.30828, 0.642406, 1.27995
0.954472, 0.649397, 1.30383, 0.635332, 1.27559
0.964472, 0.638184, 1.29169, 0.624363, 1.26371
0.974472, 0.623066, 1.27313, 0.609572, 1.24556
0.984472, 0.606573, 1.25126, 0.593436, 1.22416
0.994472, 0.592162, 1.22965, 0.579337, 1.20302
1.00447, 0.582523, 1.21108, 0.569907, 1.18485
1.01447, 0.578573, 1.19661, 0.566043, 1.1707
1.02447, 0.579332, 1.18517, 0.566785, 1.1595
1.03447, 0.582356, 1.17419, 0.569743, 1.14876
1.04447, 0.584449, 1.16116, 0.571791, 1.13601
1.05447, 0.582654, 1.14515, 0.570035, 1.12034
1.06447, 0.57547, 1.1272, 0.563007, 1.10279
1.07447, 0.563838, 1.10928, 0.551626, 1.08526
1.08447, 0.551089, 1.09258, 0.539153, 1.06892
1.09447, 0.541473, 1.07663, 0.529746, 1.05332
1.10447, 0.537895, 1.06001, 0.526246, 1.03706
1.11447, 0.540276, 1.04197, 0.528574, 1.0194
1.12447, 0.545681, 1.02364, 0.533863, 1.00147
1.13447, 0.550143, 1.00777, 0.538228, 0.985942
1.14447, 0.550823, 0.99716, 0.538894, 0.975564
1.15447, 0.547056, 0.992955, 0.535208, 0.97145
1.16447, 0.539805, 0.99387, 0.528114, 0.972345
1.17447, 0.53037, 0.996752, 0.518883, 0.975164
1.18447, 0.519544, 0.997942, 0.508292, 0.976328
1.19447, 0.507764, 0.994698, 0.496766, 0.973154
1.20447, 0.495749, 0.986162, 0.485012, 0.964804
1.21447, 0.484799, 0.973708, 0.474299, 0.952619
1.22447, 0.476388, 0.960564, 0.466071, 0.93976
1.23447, 0.471432, 0.950683, 0.461222, 0.930093
1.24447, 0.469829, 0.94704, 0.459654, 0.926529
1.25447, 0.470516, 0.950067, 0.460326, 0.929491
1.26447, 0.471877, 0.957162, 0.461657, 0.936431
1.27447, 0.472253, 0.963799, 0.462025, 0.942925
1.28447, 0.470457, 0.965807, 0.460268, 0.944889
1.29447, 0.466228, 0.961458, 0.456131, 0.940635
1.30447, 0.460369, 0.952099, 0.450398, 0.931478
1.31447, 0.454306, 0.940959, 0.444467, 0.92058
1.32447, 0.449191, 0.931054, 0.439463, 0.910889
1.33447, 0.44515, 0.923575, 0.435509, 0.903572
1.34447, 0.441339, 0.91768, 0.431781, 0.897805
1.35447, 0.436832, 0.911505, 0.427371, 0.891764
1.36447, 0.431605, 0.903501, 0.422257, 0.883933
1.37447, 0.426734, 0.893218, 0.417492, 0.873873
1.38447, 0.423623, 0.881316, 0.414448, 0.862229
1.39447, 0.422912, 0.869103, 0.413752, 0.85028
1.40447, 0.423997, 0.858029, 0.414814, 0.839445
1.41447, 0.425486, 0.849305, 0.416271, 0.830911
1.42447, 0.426121, 0.843562, 0.416892, 0.825292
1.43447, 0.425386, 0.840526, 0.416173, 0.822322
1.44447, 0.423454, 0.838885, 0.414283, 0.820716
1.45447, 0.420714, 0.836621, 0.411602, 0.818502
1.46447, 0.417386, 0.831848, 0.408347, 0.813831
1.47447, 0.413512, 0.823784, 0.404556, 0.805943
1.48447, 0.409191, 0.813283, 0.400329, 0.795669
1.49447, 0.404766, 0.802485, 0.396, 0.785105
1.50447, 0.400771, 0.793729, 0.392091, 0.776538
1.51447, 0.397676, 0.788353, 0.389064, 0.771278
1.52447, 0.39565, 0.786112, 0.387081, 0.769087
1.53447, 0.394486, 0.785544, 0.385942, 0.76853
1.54447, 0.393783, 0.784972, 0.385254, 0.767971
1.55447, 0.393217, 0.78351, 0.384701, 0.766541
1.56447, 0.392709, 0.781461, 0.384204, 0.764536
1.57447, 0.392322, 0.779966, 0.383825, 0.763074
1.58447, 0.391986, 0.780182, 0.383497, 0.763285
1.59447, 0.391359, 0.782469, 0.382883, 0.765523
1.60447, 0.390041, 0.786036, 0.381593, 0.769012
1.61447, 0.388058, 0.789232, 0.379653, 0.772139
1.62447, 0.386167, 0.79039, 0.377804, 0.773272
1.63447, 0.38556, 0.788769, 0.377209, 0.771686
1.64447, 0.387019, 0.785049, 0.378637, 0.768046
1.65447, 0.390126, 0.781015, 0.381676, 0.7641
1.66447, 0.393177, 0.778563, 0.384662, 0.761701
1.67447, 0.394054, 0.778631, 0.385519, 0.761767
1.68447, 0.39151, 0.780743, 0.38303, 0.763834
1.69447, 0.386043, 0.783399, 0.377682, 0.766432
1.70447, 0.37975, 0.784979, 0.371525, 0.767978
1.71447, 0.375274, 0.784539, 0.367147, 0.767548
1.72447, 0.374502, 0.782077, 0.366391, 0.765139
1.73447, 0.377732, 0.778305, 0.369551, 0.761449
1.74447, 0.383671, 0.774211, 0.375362, 0.757443
1.75447, 0.390101, 0.770684, 0.381652, 0.753993
1.76447, 0.394803, 0.76829, 0.386252, 0.751651
1.77447, 0.396342, 0.767187, 0.387758, 0.750571
1.78447, 0.394476, 0.767214, 0.385932, 0.750597
1.79447, 0.390146, 0.768126, 0.381696, 0.75149
1.80447, 0.385085, 0.769838, 0.376745, 0.753165
1.81447, 0.381177, 0.772445, 0.372921, 0.755715
1.82447, 0.379789, 0.775934, 0.371563, 0.759128
1.83447, 0.381315, 0.779818, 0.373056, 0.762929
1.84447, 0.385096, 0.783093, 0.376755, 0.766133
1.85447, 0.389718, 0.784689, 0.381277, 0.767694
1.86447, 0.393542, 0.784156, 0.385019, 0.767173
1.87447, 0.395269, 0.78201, 0.386708, 0.765073
1.88447, 0.394378, 0.779402, 0.385837, 0.762522
1.89447, 0.39133, 0.777338, 0.382854, 0.760503
1.90447, 0.38742, 0.776083, 0.379029, 0.759275
1.91447, 0.384275, 0.775236, 0.375953, 0.758446
1.92447, 0.383142, 0.774379, 0.374844, 0.757608
1.93447, 0.384329, 0.773684, 0.376006, 0.756928
1.94447, 0.387169, 0.77391, 0.378784, 0.757149
1.95447, 0.390551, 0.775776, 0.382093, 0.758975
1.96447, 0.393672, 0.779258, 0.385145, 0.762381
1.97447, 0.396458, 0.783454, 0.387872, 0.766486
1.98447, 0.399373, 0.78718, 0.390723, 0.770131
1.99447, 0.402817, 0.789837, 0.394093, 0.772731
2.00447, 0.406666, 0.791853, 0.397859, 0.774703
2.01447, 0.410303, 0.794328, 0.401417, 0.777125
2.02447, 0.413056, 0.798157, 0.40411, 0.78087
2.03447, 0.414628, 0.803305, 0.405648, 0.785907
2.04447, 0.415181, 0.808832, 0.406189, 0.791314
2.05447, 0.41514, 0.813629, 0.406149, 0.796008
2.06447, 0.414966, 0.817289, 0.405979, 0.799588
2.07447, 0.415089, 0.820379, 0.406099, 0.802611
2.08447, 0.415907, 0.823895, 0.4069, 0.806051
2.09447, 0.417684, 0.828343, 0.408638, 0.810403
2.10447, 0.420346, 0.833256, 0.411242, 0.815209
2.11447, 0.423415, 0.837607, 0.414244, 0.819466
2.12447, 0.426257, 0.840789, 0.417025, 0.822579
2.13447, 0.42851, 0.843312, 0.41923, 0.825048
2.14447, 0.430332, 0.846555, 0.421012, 0.82822
2.15447, 0.432214, 0.851734, 0.422853, 0.833287
2.16447, 0.434502, 0.858936, 0.425092, 0.840333
2.17447, 0.437057, 0.867009, 0.427591, 0.848232
2.18447, 0.439363, 0.874382, 0.429847, 0.855445
2.19447, 0.440983, 0.880079, 0.431432, 0.861019
2.20447, 0.441948, 0.884152, 0.432377, 0.865003
2.21447, 0.442721, 0.887299, 0.433132, 0.868082
2.22447, 0.4438, 0.890182, 0.434188, 0.870903
2.23447, 0.445342, 0.893086, 0.435697, 0.873744
2.24447, 0.447144, 0.896109, 0.43746, 0.876701
2.25447, 0.448984, 0.89953, 0.43926, 0.880048
2.26447, 0.450972, 0.903875, 0.441205, 0.884299
2.27447, 0.453576, 0.909566, 0.443753, 0.889867
2.28447, 0.457266, 0.916498, 0.447363, 0.896649
2.29447, 0.462061, 0.923961, 0.452054, 0.90395
2.30447, 0.467356, 0.931003, 0.457234, 0.910839
2.31447, 0.472161, 0.936958, 0.461935, 0.916666
2.32447, 0.475609, 0.941762, 0.465308, 0.921366
2.33447, 0.47739, 0.945903, 0.46705, 0.925416
2.34447, 0.477894, 0.950142, 0.467544, 0.929563
2.35447, 0.478025, 0.955211, 0.467672, 0.934523
2.36447, 0.47882, 0.961588, 0.468449, 0.940762
2.37447, 0.481056, 0.969344, 0.470638, 0.94835
2.38447, 0.484985, 0.978083, 0.474481, 0.9569
2.39447, 0.490264, 0.987095, 0.479646, 0.965716
2.40447, 0.496127, 0.995742, 0.485382, 0.974176
2.41447, 0.501717, 1.00392, 0.490851, 0.982173
2.42447, 0.506441, 1.01214, 0.495472, 0.990222
2.43447, 0.510151, 1.02113, 0.499102, 0.999015
2.44447, 0.513081, 1.03099, 0.501969, 1.00866
2.45447, 0.515611, 1.04074, 0.504444, 1.0182
2.46447, 0.518033, 1.04866, 0.506814, 1.02594
2.47447, 0.520446, 1.0533, 0.509174, 1.03049
2.48447, 0.522772, 1.05451, 0.51145, 1.03167
2.49447, 0.524822, 1.05357, 0.513455, 1.03076
2.50447, 0.526369, 1.0525, 0.514969, 1.02971
2.51447, 0.527289, 1.05288, 0.515869, 1.03008
2.52447, 0.527768, 1.05532, 0.516337, 1.03246
2.53447, 0.528459, 1.0596, 0.517013, 1.03666
2.54447, 0.530354, 1.0654, 0.518868, 1.04232
2.55447, 0.534302, 1.07266, 0.52273, 1.04943
2.56447, 0.540389, 1.08153, 0.528685, 1.05811
2.57447, 0.547646, 1.09196, 0.535785, 1.06831
2.58447, 0.554414, 1.10336, 0.542407, 1.07946
2.59447, 0.559255, 1.11478, 0.547143, 1.09064
2.60447, 0.56186, 1.12527, 0.549691, 1.1009
2.61447, 0.563317, 1.13422, 0.551117, 1.10966
2.62447, 0.565492, 1.14144, 0.553245, 1.11672
2.63447, 0.569895, 1.14706, 0.557552, 1.12221
2.64447, 0.576765, 1.15141, 0.564274, 1.12647
2.65447, 0.584962, 1.15516, 0.572293, 1.13015
2.66447, 0.592712, 1.15938, 0.579875, 1.13427
2.67447, 0.598685, 1.1654, 0.585719, 1.14016
2.68447, 0.602711, 1.17431, 0.589657, 1.14888
2.69447, 0.605737, 1.18627, 0.592618, 1.16058
2.70447, 0.609165, 1.20014, 0.595971, 1.17415
2.71447, 0.614044, 1.21387, 0.600745, 1.18758
2.72447, 0.620615, 1.22555, 0.607173, 1.19901
2.73447, 0.628343, 1.23449, 0.614735, 1.20775
2.74447, 0.636283, 1.24149, 0.622502, 1.21461
2.75447, 0.643485, 1.24822, 0.629549, 1.22119
2.76447, 0.649285, 1.25598, 0.635223, 1.22878
2.77447, 0.653423, 1.26503, 0.639271, 1.23763
2.78447, 0.656071, 1.27473, 0.641862, 1.24712
2.79447, 0.657775, 1.28436, 0.643529, 1.25654
2.80447, 0.659295, 1.29375, 0.645016, 1.26573
2.81447, 0.661367, 1.30324, 0.647043, 1.27501
2.82447, 0.664436, 1.31311, 0.650046, 1.28467
2.83447, 0.668477, 1.32317, 0.653999, 1.29451
2.84447, 0.673003, 1.33285, 0.658427, 1.30399
2.85447, 0.677288, 1.34165, 0.662619, 1.31259
2.86447, 0.680753, 1.34951, 0.666009, 1.32029
2.87447, 0.683309, 1.3569, 0.668509, 1.32751
2.88447, 0.685468, 1.36452, 0.670622, 1.33497
2.89447, 0.688112, 1.3731, 0.673209, 1.34336
2.90447, 0.692035, 1.3832, 0.677047, 1.35324
2.91447, 0.697566, 1.39516, 0.682459, 1.36495
2.92447, 0.704511, 1.40892, 0.689253, 1.37841
2.93447, 0.71239, 1.42391, 0.696961, 1.39307
2.94447, 0.720717, 1.43913, 0.705108, 1.40797
2.95447, 0.729041, 1.45358, 0.713252, 1.4221
2.96447, 0.736765, 1.46657, 0.720808, 1.43481
2.97447, 0.74303, 1.47789, 0.726938, 1.44588
2.98447, 0.746932, 1.48756, 0.730755, 1.45534
2.99447, 0.748029, 1.49552, 0.731828, 1.46313
3.00447, 0.746761, 1.50152, 0.730588, 1.469
3.01447, 0.744402, 1.50545, 0.72828, 1.47285
3.02447, 0.742506, 1.50786, 0.726425, 1.4752
3.03447, 0.742196, 1.51011, 0.726122, 1.47741
3.04447, 0.743776, 1.51413, 0.727668, 1.48134
3.05447, 0.746873, 1.52151, 0.730697, 1.48856
3.06447, 0.750942, 1.53276, 0.734678, 1.49956
3.07447, 0.755748, 1.54694, 0.73938, 1.51344
3.08447, 0.761496, 1.56207, 0.745004, 1.52824
3.09447, 0.768549, 1.57594, 0.751903, 1.54181
3.10447, 0.776937, 1.58697, 0.76011, 1.5526
3.11447, 0.785998, 1.59459, 0.768974, 1.56005
3.12447, 0.794385, 1.59911, 0.77718, 1.56447
3.13447, 0.800525, 1.60128, 0.783187, 1.5666
3.14447, 0.803306, 1.60185, 0.785908, 1.56716
3.15447, 0.802641, 1.60143, 0.785258, 1.56674
3.16447, 0.799601, 1.60052, 0.782283, 1.56586
3.17447, 0.796017, 1.59973, 0.778777, 1.56508
3.18447, 0.793753, 1.59975, 0.776562, 1.5651
3.19447, 0.793998, 1.60129, 0.776802, 1.56661
3.20447, 0.796892, 1.60488, 0.779633, 1.57012
3.21447, 0.801628, 1.61058, 0.784266, 1.57569
3.22447, 0.806944, 1.6179, 0.789467, 1.58286
3.23447, 0.811756, 1.62583, 0.794175, 1.59062
3.24447, 0.81563, 1.6331, 0.797966, 1.59773
3.25447, 0.818836, 1.63853, 0.801101, 1.60304
3.26447, 0.821962, 1.64149, 0.80416, 1.60594
3.27447, 0.825323, 1.64198, 0.807448, 1.60641
3.28447, 0.828545, 1.64052, 0.810601, 1.60499
3.29447, 0.830665, 1.63776, 0.812675, 1.60229
3.30447, 0.830706, 1.63419, 0.812714, 1.5988
3.31447, 0.828394, 1.63006, 0.810453, 1.59476
3.32447, 0.824521, 1.62564, 0.806664, 1.59043
3.33447, 0.820682, 1.62147, 0.802908, 1.58636
3.34447, 0.818514, 1.61848, 0.800787, 1.58343
3.35447, 0.818864, 1.61759, 0.801129, 1.58255
3.36447, 0.821349, 1.61925, 0.803561, 1.58418
3.37447, 0.824549, 1.62309, 0.806691, 1.58794
3.38447, 0.8267, 1.62801, 0.808795, 1.59275
3.39447, 0.826528, 1.63262, 0.808627, 1.59726
3.40447, 0.8238, 1.63579, 0.805958, 1.60036
3.41447, 0.819318, 1.63689, 0.801573, 1.60144
3.42447, 0.814427, 1.63582, 0.796789, 1.60039
3.43447, 0.810333, 1.63283, 0.792783, 1.59746
3.44447, 0.807608, 1.62845, 0.790117, 1.59318
3.45447, 0.80611, 1.62346, 0.788651, 1.5883
3.46447, 0.805242, 1.61874, 0.787802, 1.58368
3.47447, 0.804338, 1.6149, 0.786918, 1.57992
3.48447, 0.802925, 1.61197, 0.785536, 1.57706
3.49447, 0.800817, 1.60941, 0.783473, 1.57455
3.50447, 0.798077, 1.60642, 0.780792, 1.57163
3.51447, 0.79495, 1.60253, 0.777733, 1.56783
3.52447, 0.791785, 1.59782, 0.774637, 1.56322
3.53447, 0.78892, 1.59272, 0.771833, 1.55822
3.54447, 0.786561, 1.58758, 0.769525, 1.55319
3.55447, 0.784713, 1.58239, 0.767717, 1.54812
3.56447, 0.783209, 1.57693, 0.766246, 1.54278
3.57447, 0.781823, 1.57102, 0.76489, 1.537
3.58447, 0.780389, 1.56474, 0.763487, 1.53085
3.59447, 0.778846, 1.55812, 0.761978, 1.52438
3.60447, 0.777188, 1.55091, 0.760356, 1.51732
3.61447, 0.77537, 1.54247, 0.758577, 1.50906
3.62447, 0.773234, 1.53229, 0.756488, 1.4991
3.63447, 0.770513, 1.52059, 0.753825, 1.48766
3.64447, 0.766958, 1.50864, 0.750347, 1.47597
3.65447, 0.762545, 1.4983, 0.746029, 1.46585
3.66447, 0.757653, 1.49104, 0.741244, 1.45875
3.67447, 0.753064, 1.48708, 0.736754, 1.45487
3.68447, 0.749666, 1.48512, 0.73343, 1.45296
3.69447, 0.747964, 1.48307, 0.731765, 1.45095
3.70447, 0.747647, 1.47902, 0.731455, 1.44699
3.71447, 0.747525, 1.47223, 0.731335, 1.44035
3.72447, 0.745947, 1.46325, 0.729791, 1.43156
3.73447, 0.74154, 1.45353, 0.72548, 1.42205
3.74447, 0.733878, 1.44473, 0.717984, 1.41344
3.75447, 0.723735, 1.43812, 0.70806, 1.40697
3.76447, 0.712794, 1.43434, 0.697356, 1.40328
3.77447, 0.702967, 1.43337, 0.687743, 1.40233
3.78447, 0.695669, 1.43444, 0.680602, 1.40338
3.79447, 0.691362, 1.43615, 0.676388, 1.40504
3.80447, 0.689554, 1.43667, 0.67462, 1.40556
3.81447, 0.689198, 1.43439, 0.674272, 1.40332
3.82447, 0.689235, 1.42847, 0.674307, 1.39753
3.83447, 0.688997, 1.41916, 0.674074, 1.38843
3.84447, 0.688279, 1.40757, 0.673372, 1.37709
3.85447, 0.687109, 1.39496, 0.672228, 1.36475
3.86447, 0.685443, 1.38216, 0.670598, 1.35223
3.87447, 0.683039, 1.36938, 0.668246, 1.33972
3.88447, 0.679592, 1.35654, 0.664874, 1.32716
3.89447, 0.675006, 1.34364, 0.660387, 1.31454
3.90447, 0.669567, 1.33097, 0.655065, 1.30214
3.91447, 0.663862, 1.31882, 0.649484, 1.29026
3.92447, 0.658494, 1.30725, 0.644232, 1.27893
3.93447, 0.653775, 1.29602, 0.639616, 1.26796
3.94447, 0.649603, 1.28494, 0.635534, 1.25711
3.95447, 0.645585, 1.27415, 0.631603, 1.24655
3.96447, 0.64134, 1.2643, 0.62745, 1.23692
3.97447, 0.636805, 1.25623, 0.623013, 1.22902
3.98447, 0.632378, 1.25037, 0.618682, 1.22329
3.99447, 0.628815, 1.24647, 0.615196, 1.21948
4.00447, 0.626885, 1.2436, 0.613308, 1.21667
4.01447, 0.626935, 1.24058, 0.613357, 1.21371
4.02447, 0.628584, 1.2366, 0.61497, 1.20982
4.03447, 0.630739, 1.23157, 0.617078, 1.20489
4.04447, 0.632003, 1.22608, 0.618315, 1.19953
4.05447, 0.631276, 1.22105, 0.617604, 1.1946
4.06447, 0.628245, 1.21707, 0.614638, 1.19071
4.07447, 0.623458, 1.21408, 0.609955, 1.18779
4.08447, 0.617967, 1.21132, 0.604583, 1.18509
4.09447, 0.612752, 1.20767, 0.599481, 1.18151
4.10447, 0.608299, 1.20222, 0.595124, 1.17618
4.11447, 0.604563, 1.19484, 0.59147, 1.16896
4.12447, 0.601251, 1.18628, 0.588229, 1.16059
4.13447, 0.598147, 1.17795, 0.585192, 1.15243
4.14447, 0.595225, 1.17132, 0.582333, 1.14595
4.15447, 0.592497, 1.16726, 0.579664, 1.14198
4.16447, 0.589803, 1.16565, 0.577029, 1.1404
4.17447, 0.586798, 1.16535, 0.574089, 1.14011
4.18447, 0.583208, 1.16472, 0.570577, 1.13949
4.19447, 0.579182, 1.16233, 0.566639, 1.13715
4.20447, 0.575425, 1.1576, 0.562963, 1.13253
4.21447, 0.572904, 1.15109, 0.560496, 1.12616
4.22447, 0.572265, 1.14426, 0.559871, 1.11948
4.23447, 0.57332, 1.13884, 0.560903, 1.11418
4.24447, 0.574979, 1.13597, 0.562526, 1.11137
4.25447, 0.575743, 1.13559, 0.563274, 1.111
4.26447, 0.574486, 1.13632, 0.562044, 1.11171
4.27447, 0.571057, 1.13602, 0.558689, 1.11142
4.28447, 0.566332, 1.13283, 0.554066, 1.10829
4.29447, 0.56171, 1.126, 0.549545, 1.10161
4.30447, 0.558376, 1.11629, 0.546283, 1.09211
4.31447, 0.556759, 1.10558, 0.544701, 1.08163
4.32447, 0.556444, 1.09598, 0.544393, 1.07225
4.33447, 0.556476, 1.08908, 0.544423, 1.06549
4.34447, 0.555811, 1.08546, 0.543774, 1.06195
4.35447, 0.553707, 1.08475, 0.541715, 1.06126
4.36447, 0.549927, 1.08592, 0.538017, 1.06241
4.37447, 0.544799, 1.08767, 0.532999, 1.06412
4.38447, 0.539116, 1.08881, 0.52744, 1.06523
4.39447, 0.533902, 1.08856, 0.522339, 1.06499
4.40447, 0.530063, 1.08677, 0.518583, 1.06323
4.41447, 0.528078, 1.08374, 0.516641, 1.06027
4.42447, 0.527862, 1.08004, 0.51643, 1.05665
4.43447, 0.528882, 1.07618, 0.517428, 1.05287
4.44447, 0.530416, 1.07255, 0.518929, 1.04932
4.45447, 0.531804, 1.06956, 0.520287, 1.0464
4.46447, 0.532586, 1.06769, 0.521052, 1.04457
4.47447, 0.532546, 1.06726, 0.521012, 1.04415
4.48447, 0.531721, 1.06809, 0.520205, 1.04495
4.49447, 0.530389, 1.06927, 0.518902, 1.04612
4.50447, 0.528971, 1.0695, 0.517515, 1.04633
4.51447, 0.527851, 1.06766, 0.516419, 1.04453
4.52447, 0.527182, 1.06357, 0.515764, 1.04053
4.53447, 0.526834, 1.05808, 0.515424, 1.03516
4.54447, 0.526525, 1.05263, 0.515122, 1.02984
4.55447, 0.52603, 1.04841, 0.514637, 1.02571
4.56447, 0.525307, 1.04576, 0.51393, 1.02311
4.57447, 0.524451, 1.0441, 0.513093, 1.02149
4.58447, 0.523557, 1.04249, 0.512218, 1.01992
4.59447, 0.522637, 1.04023, 0.511318, 1.0177
4.60447, 0.521663, 1.03726, 0.510365, 1.0148
4.61447, 0.520651, 1.03412, 0.509375, 1.01172
4.62447, 0.519703, 1.03156, 0.508447, 1.00922
4.63447, 0.518935, 1.03013, 0.507696, 1.00782
4.64447, 0.51839, 1.02991, 0.507163, 1.00761
4.65447, 0.517995, 1.03062, 0.506776, 1.0083
4.66447, 0.517607, 1.03176, 0.506396, 1.00942
4.67447, 0.517089, 1.03293, 0.50589, 1.01056
4.68447, 0.516369, 1.03388, 0.505186, 1.01149
4.69447, 0.515462, 1.03454, 0.504298, 1.01213
4.70447, 0.51448, 1.03487, 0.503338, 1.01246
4.71447, 0.513634, 1.03484, 0.502509, 1.01243
4.72447, 0.513181, 1.03438, 0.502066, 1.01198
4.73447, 0.513345, 1.0335, 0.502227, 1.01111
4.74447, 0.514218, 1.03238, 0.503081, 1.01002
4.75447, 0.515715, 1.03142, 0.504546, 1.00908
4.76447, 0.5176, 1.03108, 0.50639, 1.00874
4.77447, 0.519526, 1.03168, 0.508274, 1.00934
4.78447, 0.521079, 1.03323, 0.509793, 1.01085
4.79447, 0.52183, 1.03532, 0.510528, 1.0129
4.80447, 0.521467, 1.03732, 0.510173, 1.01485
4.81447, 0.520008, 1.03856, 0.508746, 1.01607
4.82447, 0.517956, 1.03872, 0.506738, 1.01623
4.83447, 0.516223, 1.0379, 0.505042, 1.01542
4.84447, 0.515746, 1.03661, 0.504576, 1.01416
4.85447, 0.516978, 1.03555, 0.505781, 1.01313
4.86447, 0.519582, 1.03539, 0.508328, 1.01296
4.87447, 0.522591, 1.03652, 0.511273, 1.01407
4.88447, 0.524968, 1.03909, 0.513599, 1.01658
4.89447, 0.526203, 1.04295, 0.514806, 1.02036
4.90447, 0.526547, 1.04771, 0.515143, 1.02502
4.91447, 0.526751, 1.05278, 0.515342, 1.02998
4.92447, 0.527503, 1.05746, 0.516078, 1.03456
4.93447, 0.528988, 1.06121, 0.517531, 1.03822
4.94447, 0.530833, 1.06384, 0.519336, 1.0408
4.95447, 0.532439, 1.06565, 0.520908, 1.04257
4.96447, 0.533413, 1.06716, 0.521861, 1.04405
4.97447, 0.533813, 1.06882, 0.522252, 1.04567
4.98447, 0.534066, 1.07071, 0.522499, 1.04752
4.99447, 0.534661, 1.07252, 0.523081, 1.04929
5.00447, 0.535825, 1.07388, 0.52422, 1.05062
5.01447, 0.53741, 1.07466, 0.525771, 1.05138
5.02447, 0.53903, 1.07511, 0.527356, 1.05183
5.03447, 0.540362, 1.07576, 0.528659, 1.05246
5.04447, 0.541395, 1.07705, 0.52967, 1.05372
5.05447, 0.542461, 1.07921, 0.530713, 1.05584
5.06447, 0.544006, 1.08223, 0.532224, 1.05879
5.07447, 0.546251, 1.086, 0.53442, 1.06248
5.08447, 0.548965, 1.09035, 0.537076, 1.06673
5.09447, 0.551535, 1.09494, 0.539589, 1.07123
5.10447, 0.553294, 1.09914, 0.541311, 1.07534
5.11447, 0.553932, 1.10215, 0.541935, 1.07828
5.12447, 0.553704, 1.10344, 0.541712, 1.07954
5.13447, 0.553328, 1.10339, 0.541344, 1.07949
5.14447, 0.553605, 1.10342, 0.541615, 1.07952
5.15447, 0.554986, 1.10552, 0.542967, 1.08158
5.16447, 0.557346, 1.11119, 0.545275, 1.08713
5.17447, 0.560088, 1.12056, 0.547958, 1.09629
5.18447, 0.562521, 1.13209, 0.550338, 1.10758
5.19447, 0.564284, 1.14325, 0.552063, 1.11849
5.20447, 0.56556, 1.15154, 0.553311, 1.1266
5.21447, 0.56695, 1.15553, 0.554671, 1.1305
5.22447, 0.569088, 1.15523, 0.556763, 1.13021
5.23447, 0.572242, 1.15199, 0.559849, 1.12704
5.24447, 0.576145, 1.14796, 0.563667, 1.1231
5.25447, 0.580135, 1.14535, 0.567571, 1.12054
5.26447, 0.583506, 1.1458, 0.570868, 1.12098
5.27447, 0.585834, 1.1499, 0.573146, 1.125
5.28447, 0.587145, 1.1571, 0.574429, 1.13204
5.29447, 0.58786, 1.16595, 0.575128, 1.1407
5.30447, 0.588621, 1.1747, 0.575873, 1.14926
5.31447, 0.590086, 1.18189, 0.577306, 1.15629
5.32447, 0.59275, 1.18677, 0.579913, 1.16107
5.33447, 0.596798, 1.1895, 0.583873, 1.16374
5.34447, 0.602, 1.19092, 0.588962, 1.16513
5.35447, 0.607694, 1.19215, 0.594532, 1.16633
5.36447, 0.612915, 1.19409, 0.599641, 1.16823
5.37447, 0.616709, 1.19712, 0.603353, 1.1712
5.38447, 0.618532, 1.20105, 0.605135, 1.17504
5.39447, 0.618561, 1.20544, 0.605164, 1.17933
5.40447, 0.617706, 1.21009, 0.604327, 1.18388
5.41447, 0.617224, 1.21519, 0.603856, 1.18887
5.42447, 0.618098, 1.22117, 0.604712, 1.19472
5.43447, 0.620506, 1.22818, 0.607067, 1.20158
5.44447, 0.62372, 1.2358, 0.610211, 1.20903
5.45447, 0.626521, 1.24317, 0.612952, 1.21625
5.46447, 0.627887, 1.24946, 0.614288, 1.2224
5.47447, 0.627531, 1.25431, 0.61394, 1.22714
5.48447, 0.625979, 1.25792, 0.612422, 1.23067
5.49447, 0.624201, 1.2607, 0.610682, 1.2334
5.50447, 0.623086, 1.26292, 0.609591, 1.23557
5.51447, 0.623106, 1.26471, 0.609611, 1.23732
5.52447, 0.624308, 1.26641, 0.610786, 1.23898
5.53447, 0.626527, 1.26899, 0.612957, 1.2415
5.54447, 0.629598, 1.27386, 0.615962, 1.24627
5.55447, 0.633425, 1.28217, 0.619706, 1.2544
5.56447, 0.637914, 1.29384, 0.624098, 1.26582
5.57447, 0.642894, 1.30718, 0.62897, 1.27887
5.58447, 0.648102, 1.31943, 0.634065, 1.29086
5.59447, 0.653222, 1.32804, 0.639074, 1.29927
5.60447, 0.657937, 1.33182, 0.643688, 1.30297
5.61447, 0.661965, 1.33144, 0.647629, 1.3026
5.62447, 0.665093, 1.32888, 0.650688, 1.3001
5.63447, 0.667241, 1.32638, 0.65279, 1.29765
5.64447, 0.668535, 1.32545, 0.654056, 1.29674
5.65447, 0.669326, 1.32652, 0.65483, 1.29779
5.66447, 0.670103, 1.32925, 0.65559, 1.30046
5.67447, 0.671318, 1.33313, 0.656779, 1.30426
5.68447, 0.673208, 1.338, 0.658628, 1.30902
5.69447, 0.675699, 1.3441, 0.661065, 1.31499
5.70447, 0.678463, 1.35181, 0.663769, 1.32253
5.71447, 0.68108, 1.36111, 0.666329, 1.33163
5.72447, 0.683234, 1.37128, 0.668437, 1.34158
5.73447, 0.684844, 1.38095, 0.670012, 1.35104
5.74447, 0.686058, 1.38856, 0.671199, 1.35849
5.75447, 0.687125, 1.3929, 0.672243, 1.36273
5.76447, 0.688233, 1.39359, 0.673328, 1.36341
5.77447, 0.689406, 1.39116, 0.674475, 1.36103
5.78447, 0.690536, 1.38682, 0.675581, 1.35679
5.79447, 0.691524, 1.38214, 0.676547, 1.3522
5.80447, 0.692398, 1.37866, 0.677402, 1.3488
5.81447, 0.69331, 1.37769, 0.678295, 1.34785
5.82447, 0.6944, 1.38003, 0.67936, 1.35014
5.83447, 0.695654, 1.3858, 0.680588, 1.35578
5.84447, 0.696907, 1.39423, 0.681814, 1.36403
5.85447, 0.697983, 1.40383, 0.682866, 1.37343
5.86447, 0.698863, 1.41272, 0.683727, 1.38212
5.87447, 0.699715, 1.41922, 0.68456, 1.38848
5.88447, 0.700761, 1.42241, 0.685584, 1.3916
5.89447, 0.702125, 1.42234, 0.686919, 1.39153
5.90447, 0.703821, 1.41987, 0.688578, 1.38911
5.91447, 0.705875, 1.41623, 0.690587, 1.38556
5.92447, 0.708414, 1.4126, 0.693071, 1.38201
5.93447, 0.711557, 1.40989, 0.696146, 1.37935
5.94447, 0.715165, 1.4088, 0.699676, 1.37829
5.95447, 0.718695, 1.41, 0.703129, 1.37946
5.96447, 0.721373, 1.41406, 0.70575, 1.38343
5.97447, 0.722639, 1.42118, 0.706988, 1.3904
5.98447, 0.722535, 1.43086, 0.706887, 1.39987
5.99447, 0.721738, 1.4417, 0.706107, 1.41047
6.00447, 0.721177, 1.45177, 0.705558, 1.42033
6.01447, 0.721498, 1.45926, 0.705872, 1.42766
6.02447, 0.722744, 1.46318, 0.707091, 1.43149
6.03447, 0.7244, 1.46362, 0.708711, 1.43192
6.04447, 0.725729, 1.46149, 0.710012, 1.42984
6.05447, 0.726168, 1.45792, 0.71044, 1.42634
6.06447, 0.725589, 1.45363, 0.709875, 1.42215
6.07447, 0.724385, 1.44889, 0.708696, 1.41751
6.08447, 0.723341, 1.44382, 0.707675, 1.41255
6.09447, 0.723333, 1.43895, 0.707667, 1.40778
6.10447, 0.724891, 1.43529, 0.709191, 1.4042
6.11447, 0.727809, 1.43397, 0.712046, 1.40291
6.12447, 0.731061, 1.43552, 0.715228, 1.40443
6.13447, 0.733162, 1.43932, 0.717283, 1.40815
6.14447, 0.732877, 1.44373, 0.717004, 1.41247
6.15447, 0.729894, 1.4469, 0.714086, 1.41556
6.16447, 0.725045, 1.44768, 0.709342, 1.41632
6.17447, 0.71991, 1.44628, 0.704318, 1.41496
6.18447, 0.71602, 1.44406, 0.700513, 1.41279
6.19447, 0.714143, 1.44262, 0.698676, 1.41138
6.20447, 0.714046, 1.44281, 0.698581, 1.41156
6.21447, 0.714812, 1.4441, 0.69933, 1.41282
6.22447, 0.715455, 1.44487, 0.69996, 1.41358
6.23447, 0.715434, 1.44335, 0.699939, 1.41209
6.24447, 0.714817, 1.43867, 0.699335, 1.40751
6.25447, 0.71411, 1.43148, 0.698644, 1.40047
6.26447, 0.713923, 1.42363, 0.698461, 1.39279
6.27447, 0.714673, 1.4173, 0.699195, 1.38661
