0.164472, 0.459234, 1.23424, 28.5752, 76.7989
0.174472, 0.434108, 1.10623, 27.0118, 68.8334
0.184472, 0.416074, 0.975168, 25.8897, 60.6785
0.194472, 0.399735, 0.856736, 24.873, 53.3092
0.204472, 0.381623, 0.761326, 23.746, 47.3725
0.214472, 0.361182, 0.692055, 22.4741, 43.0622
0.224472, 0.340327, 0.645091, 21.1764, 40.1399
0.234472, 0.321904, 0.612126, 20.03, 38.0887
0.244472, 0.307839, 0.583893, 19.1549, 36.332
0.254472, 0.297889, 0.553313, 18.5358, 34.4292
0.264472, 0.289618, 0.517264, 18.0211, 32.1861
0.274472, 0.279577, 0.476646, 17.3963, 29.6587
0.284472, 0.265033, 0.435033, 16.4913, 27.0693
0.294472, 0.245291, 0.39661, 15.2629, 24.6785
0.304472, 0.221972, 0.364288, 13.8119, 22.6673
0.314472, 0.198185, 0.338732, 12.3318, 21.0772
0.324472, 0.17709, 0.31861, 11.0192, 19.8251
0.334472, 0.160605, 0.301712, 9.99342, 18.7736
0.344472, 0.148811, 0.286194, 9.25959, 17.808
0.354472, 0.140255, 0.271219, 8.7272, 16.8762
0.364472, 0.132875, 0.256822, 8.268, 15.9804
0.374472, 0.125041, 0.243355, 7.78052, 15.1424
0.384472, 0.116179, 0.231041, 7.22908, 14.3762
0.394472, 0.106749, 0.219927, 6.64233, 13.6847
0.404472, 0.0977331, 0.210049, 6.08131, 13.07
0.414472, 0.0900306, 0.201457, 5.60203, 12.5354
0.424472, 0.0841267, 0.193962, 5.23467, 12.069
0.434472, 0.0800909, 0.186824, 4.98355, 11.6249
0.444472, 0.0777186, 0.17881, 4.83593, 11.1262
0.454472, 0.0766027, 0.168773, 4.7665, 10.5017
0.464472, 0.0761165, 0.156471, 4.73625, 9.7362
0.474472, 0.0754625, 0.142994, 4.69555, 8.89759
0.484472, 0.0739079, 0.130387, 4.59882, 8.11314
0.494472, 0.0711154, 0.120578, 4.42506, 7.50281
0.504472, 0.06732, 0.114285, 4.18889, 7.11123
0.514472, 0.0631766, 0.110637, 3.93108, 6.88423
0.524472, 0.0593634, 0.107775, 3.69381, 6.70616
0.534472, 0.0562222, 0.104009, 3.49835, 6.47182
0.544472, 0.0536853, 0.0987417, 3.34049, 6.14407
0.554472, 0.0514944, 0.0925976, 3.20417, 5.76176
0.564472, 0.0494912, 0.0867834, 3.07952, 5.39998
0.574472, 0.0477329, 0.0822289, 2.97011, 5.11658
0.584472, 0.0463643, 0.0790995, 2.88496, 4.92186
0.594472, 0.0453895, 0.0769024, 2.8243, 4.78515
0.604472, 0.0445575, 0.0749493, 2.77253, 4.66362
0.614472, 0.0434678, 0.0727702, 2.70473, 4.52803
0.624472, 0.0418171, 0.0702309, 2.60202, 4.37003
0.634472, 0.0396002, 0.0674105, 2.46407, 4.19453
0.644472, 0.0371184, 0.0644449, 2.30964, 4.01
0.654472, 0.0347915, 0.0614775, 2.16486, 3.82535
0.664472, 0.032907, 0.0586858, 2.04759, 3.65165
0.674472, 0.031473, 0.0562716, 1.95836, 3.50143
0.684472, 0.0302636, 0.0543671, 1.88311, 3.38292
0.694472, 0.0290092, 0.0529295, 1.80506, 3.29347
0.704472, 0.0275948, 0.0517405, 1.71705, 3.21949
0.714472, 0.0261363, 0.0505429, 1.6263, 3.14496
0.724472, 0.0248955, 0.049222, 1.54909, 3.06277
0.734472, 0.0241019, 0.0478892, 1.49971, 2.97984
0.744472, 0.0238008, 0.0467938, 1.48097, 2.91168
0.754472, 0.0238178, 0.0461255, 1.48203, 2.8701
0.764472, 0.0238512, 0.0458534, 1.48411, 2.85317
0.774472, 0.0236279, 0.0457175, 1.47022, 2.84471
0.784472, 0.0230347, 0.0453779, 1.4333, 2.82358
0.794472, 0.0221548, 0.0446145, 1.37856, 2.77607
0.804472, 0.021204, 0.0434433, 1.31939, 2.7032
0.814472, 0.0204089, 0.0420838, 1.26992, 2.61861
0.824472, 0.0198994, 0.040811, 1.23821, 2.53941
0.834472, 0.0196665, 0.0397952, 1.22372, 2.4762
0.844472, 0.0195963, 0.0390287, 1.21935, 2.42851
0.854472, 0.0195447, 0.0383677, 1.21614, 2.38738
0.864472, 0.0194041, 0.0376495, 1.20739, 2.34269
0.874472, 0.0191317, 0.0368018, 1.19045, 2.28994
0.884472, 0.0187428, 0.0358804, 1.16625, 2.23261
0.894472, 0.0182884, 0.0350251, 1.13797, 2.17939
0.904472, 0.0178334, 0.0343728, 1.10966, 2.1388
0.914472, 0.0174364, 0.0339864, 1.08496, 2.11476
0.924472, 0.0171275, 0.033834, 1.06574, 2.10528
0.934472, 0.0168925, 0.0338153, 1.05111, 2.10411
0.944472, 0.0166773, 0.0338044, 1.03772, 2.10344
0.954472, 0.0164189, 0.0336856, 1.02164, 2.09604
0.964472, 0.0160853, 0.0333759, 1.00088, 2.07677
0.974472, 0.0156975, 0.0328455, 0.976759, 2.04377
0.984472, 0.0153168, 0.0321356, 0.953067, 1.99959
0.994472, 0.0150073, 0.0313575, 0.933807, 1.95118
1.00447, 0.0148034, 0.0306559, 0.921119, 1.90752
1.01447, 0.0147005, 0.0301443, 0.914719, 1.87569
1.02447, 0.0146674, 0.0298474, 0.912658, 1.85721
1.03447, 0.0146626, 0.0296921, 0.912363, 1.84755
1.04447, 0.0146443, 0.0295565, 0.911219, 1.83911
1.05447, 0.0145751, 0.0293417, 0.906919, 1.82575
1.06447, 0.0144343, 0.0290169, 0.898153, 1.80554
1.07447, 0.0142317, 0.0286096, 0.885547, 1.7802
1.08447, 0.014013, 0.0281598, 0.87194, 1.7522
1.09447, 0.0138404, 0.0276818, 0.861198, 1.72246
1.10447, 0.0137569, 0.0271665, 0.856007, 1.6904
1.11447, 0.0137593, 0.0266153, 0.856152, 1.6561
1.12447, 0.0137998, 0.0260706, 0.858675, 1.62221
1.13447, 0.0138171, 0.025612, 0.859752, 1.59367
1.14447, 0.0137692, 0.0253163, 0.85677, 1.57527
1.15447, 0.0136451, 0.02521, 0.849049, 1.56866
1.16447, 0.0134519, 0.0252476, 0.837029, 1.571
1.17447, 0.0131967, 0.0253281, 0.82115, 1.57601
1.18447, 0.0128842, 0.0253386, 0.801702, 1.57666
1.19447, 0.0125301, 0.0252009, 0.779666, 1.56809
1.20447, 0.0121728, 0.0249012, 0.757433, 1.54944
1.21447, 0.0118658, 0.0244948, 0.738331, 1.52416
1.22447, 0.0116536, 0.0240861, 0.725127, 1.49873
1.23447, 0.0115498, 0.0237893, 0.718669, 1.48026
1.24447, 0.0115336, 0.0236826, 0.717664, 1.47362
1.25447, 0.0115643, 0.0237739, 0.719571, 1.4793
1.26447, 0.0115995, 0.0239943, 0.721765, 1.49301
1.27447, 0.0116077, 0.0242297, 0.722277, 1.50766
1.28447, 0.0115729, 0.0243732, 0.720111, 1.51659
1.29447, 0.0114979, 0.0243713, 0.715443, 1.51647
1.30447, 0.0114046, 0.0242385, 0.709637, 1.50821
1.31447, 0.011325, 0.0240326, 0.704686, 1.4954
1.32447, 0.0112817, 0.0238136, 0.701991, 1.48177
1.33447, 0.0112691, 0.0236103, 0.701207, 1.46912
1.34447, 0.0112532, 0.0234145, 0.700216, 1.45694
1.35447, 0.0111944, 0.023198, 0.696558, 1.44346
1.36447, 0.0110785, 0.0229348, 0.689346, 1.42709
1.37447, 0.0109311, 0.0226161, 0.680172, 1.40725
1.38447, 0.0108031, 0.0222532, 0.672211, 1.38468
1.39447, 0.010739, 0.0218763, 0.668222, 1.36123
1.40447, 0.0107507, 0.0215286, 0.668948, 1.33959
1.41447, 0.010815, 0.021256, 0.672951, 1.32263
1.42447, 0.0108919, 0.0210893, 0.677732, 1.31225
1.43447, 0.0109456, 0.0210236, 0.681072, 1.30816
1.44447, 0.0109561, 0.0210126, 0.681731, 1.30748
1.45447, 0.0109176, 0.0209856, 0.679333, 1.3058
1.46447, 0.0108314, 0.020885, 0.673968, 1.29954
1.47447, 0.0107033, 0.0206997, 0.665998, 1.28801
1.48447, 0.0105453, 0.0204738, 0.656166, 1.27395
1.49447, 0.0103777, 0.0202793, 0.645741, 1.26185
1.50447, 0.0102272, 0.0201724, 0.636374, 1.2552
1.51447, 0.0101183, 0.0201604, 0.629596, 1.25445
1.52447, 0.0100639, 0.0202004, 0.626211, 1.25694
1.53447, 0.0100594, 0.0202301, 0.625935, 1.25879
1.54447, 0.0100854, 0.0202057, 0.627549, 1.25727
1.55447, 0.0101168, 0.0201261, 0.629502, 1.25232
1.56447, 0.0101343, 0.0200296, 0.630595, 1.24631
1.57447, 0.0101302, 0.0199684, 0.630337, 1.24251
1.58447, 0.010106, 0.0199795, 0.628832, 1.2432
1.59447, 0.0100677, 0.0200631, 0.626451, 1.2484
1.60447, 0.0100231, 0.0201803, 0.623675, 1.25569
1.61447, 0.00998363, 0.0202697, 0.621218, 1.26126
1.62447, 0.00996566, 0.0202778, 0.6201, 1.26176
1.63447, 0.00998414, 0.0201892, 0.62125, 1.25625
1.64447, 0.0100392, 0.0200392, 0.624674, 1.24691
1.65447, 0.0101055, 0.0198989, 0.628804, 1.23818
1.66447, 0.0101379, 0.0198367, 0.630819, 1.23431
1.67447, 0.0100937, 0.0198798, 0.628066, 1.237
1.68447, 0.0099613, 0.0199995, 0.619829, 1.24444
1.69447, 0.00977422, 0.0201304, 0.608188, 1.25259
1.70447, 0.00959858, 0.0202102, 0.597259, 1.25755
1.71447, 0.00950078, 0.0202123, 0.591173, 1.25768
1.72447, 0.00951477, 0.0201527, 0.592044, 1.25397
1.73447, 0.00962807, 0.0200711, 0.599094, 1.2489
1.74447, 0.0097918, 0.0200028, 0.609282, 1.24465
1.75447, 0.00994507, 0.0199608, 0.618818, 1.24203
1.76447, 0.0100386, 0.0199354, 0.624641, 1.24045
1.77447, 0.0100484, 0.019908, 0.62525, 1.23875
1.78447, 0.00997808, 0.0198667, 0.620872, 1.23618
1.79447, 0.00985468, 0.0198163, 0.613194, 1.23305
1.80447, 0.00972027, 0.019778, 0.604831, 1.23066
1.81447, 0.00961938, 0.0197769, 0.598553, 1.23059
1.82447, 0.0095845, 0.0198264, 0.596383, 1.23367
1.83447, 0.00962448, 0.0199165, 0.59887, 1.23928
1.84447, 0.00972191, 0.020016, 0.604933, 1.24547
1.85447, 0.00984125, 0.0200898, 0.612359, 1.25006
1.86447, 0.00994334, 0.0201201, 0.618711, 1.25194
1.87447, 0.00999916, 0.0201152, 0.622184, 1.25164
1.88447, 0.00999795, 0.0200995, 0.622109, 1.25067
1.89447, 0.00994879, 0.0200909, 0.61905, 1.25013
1.90447, 0.00987674, 0.0200842, 0.614567, 1.24971
1.91447, 0.0098143, 0.0200565, 0.610682, 1.24799
1.92447, 0.00978955, 0.01999, 0.609142, 1.24385
1.93447, 0.00981505, 0.0198943, 0.610728, 1.2379
1.94447, 0.00988385, 0.019808, 0.615009, 1.23253
1.95447, 0.00997602, 0.0197761, 0.620744, 1.23054
1.96447, 0.0100716, 0.01982, 0.626689, 1.23327
1.97447, 0.0101604, 0.019923, 0.632216, 1.23968
1.98447, 0.0102423, 0.0200442, 0.637314, 1.24722
1.99447, 0.0103189, 0.020148, 0.642082, 1.25369
2.00447, 0.0103864, 0.0202281, 0.646279, 1.25867
2.01447, 0.0104362, 0.0203051, 0.64938, 1.26346
2.02447, 0.0104632, 0.0204038, 0.651058, 1.2696
2.03447, 0.0104717, 0.0205294, 0.651585, 1.27742
2.04447, 0.0104742, 0.0206644, 0.65174, 1.28582
2.05447, 0.0104836, 0.0207863, 0.652329, 1.2934
2.06447, 0.0105066, 0.0208894, 0.653757, 1.29981
2.07447, 0.0105423, 0.0209897, 0.655981, 1.30606
2.08447, 0.010587, 0.0211069, 0.65876, 1.31335
2.09447, 0.010637, 0.0212411, 0.661871, 1.3217
2.10447, 0.0106893, 0.0213669, 0.665127, 1.32953
2.11447, 0.0107411, 0.0214523, 0.66835, 1.33484
2.12447, 0.0107914, 0.0214868, 0.671478, 1.33699
2.13447, 0.0108438, 0.0214946, 0.674744, 1.33747
2.14447, 0.0109063, 0.0215202, 0.678628, 1.33907
2.15447, 0.0109839, 0.0215989, 0.68346, 1.34396
2.16447, 0.011072, 0.0217361, 0.688941, 1.3525
2.17447, 0.0111545, 0.0219109, 0.694074, 1.36338
2.18447, 0.011213, 0.0220967, 0.697713, 1.37494
2.19447, 0.0112393, 0.0222791, 0.699351, 1.38629
2.20447, 0.0112416, 0.0224562, 0.699494, 1.3973
2.21447, 0.0112381, 0.0226254, 0.699277, 1.40783
2.22447, 0.0112443, 0.022774, 0.699661, 1.41708
2.23447, 0.0112641, 0.0228841, 0.700894, 1.42393
2.24447, 0.011293, 0.0229495, 0.702692, 1.428
2.25447, 0.0113283, 0.0229884, 0.704888, 1.43042
2.26447, 0.0113764, 0.0230382, 0.707882, 1.43352
2.27447, 0.0114496, 0.0231357, 0.712435, 1.43959
2.28447, 0.0115544, 0.0232944, 0.718959, 1.44946
2.29447, 0.0116828, 0.0234956, 0.726948, 1.46198
2.30447, 0.0118132, 0.023698, 0.735063, 1.47458
2.31447, 0.0119223, 0.0238605, 0.741846, 1.48469
2.32447, 0.0119974, 0.0239632, 0.746525, 1.49108
2.33447, 0.0120428, 0.0240171, 0.74935, 1.49443
2.34447, 0.0120745, 0.0240576, 0.751322, 1.49695
2.35447, 0.0121111, 0.0241265, 0.753596, 1.50124
2.36447, 0.0121661, 0.0242525, 0.757018, 1.50908
2.37447, 0.0122457, 0.0244383, 0.761974, 1.52064
2.38447, 0.0123502, 0.0246621, 0.768472, 1.53457
2.39447, 0.0124751, 0.0248917, 0.776246, 1.54885
2.40447, 0.012612, 0.0251037, 0.784767, 1.56204
2.41447, 0.0127488, 0.0252958, 0.793275, 1.57399
2.42447, 0.0128716, 0.0254847, 0.800916, 1.58575
2.43447, 0.0129698, 0.0256884, 0.807026, 1.59843
2.44447, 0.0130403, 0.0259067, 0.811414, 1.61201
2.45447, 0.0130896, 0.026114, 0.814483, 1.62491
2.46447, 0.0131311, 0.0262736, 0.817064, 1.63484
2.47447, 0.0131784, 0.0263635, 0.820009, 1.64043
2.48447, 0.0132382, 0.0263957, 0.823726, 1.64244
2.49447, 0.0133056, 0.0264132, 0.827926, 1.64353
2.50447, 0.0133683, 0.0264653, 0.831826, 1.64676
2.51447, 0.0134159, 0.0265802, 0.834788, 1.65392
2.52447, 0.013452, 0.0267549, 0.837033, 1.66479
2.53447, 0.013498, 0.0269663, 0.839894, 1.67794
2.54447, 0.013584, 0.0271935, 0.845246, 1.69208
2.55447, 0.0137295, 0.0274301, 0.854301, 1.7068
2.56447, 0.0139257, 0.0276792, 0.86651, 1.7223
2.57447, 0.0141334, 0.0279397, 0.879433, 1.73851
2.58447, 0.014301, 0.0281973, 0.88986, 1.75454
2.59447, 0.0143935, 0.0284315, 0.895617, 1.76911
2.60447, 0.0144148, 0.0286297, 0.896941, 1.78144
2.61447, 0.0144074, 0.0287961, 0.896483, 1.7918
2.62447, 0.0144302, 0.0289474, 0.897903, 1.80121
2.63447, 0.0145265, 0.0290996, 0.903894, 1.81068
2.64447, 0.0147022, 0.0292579, 0.914827, 1.82053
2.65447, 0.0149258, 0.0294192, 0.928737, 1.83057
2.66447, 0.0151476, 0.0295834, 0.942537, 1.84079
2.67447, 0.0153261, 0.0297614, 0.953643, 1.85186
2.68447, 0.0154463, 0.0299712, 0.961125, 1.86492
2.69447, 0.0155229, 0.0302237, 0.965889, 1.88063
2.70447, 0.0155889, 0.03051, 0.970001, 1.89844
2.71447, 0.015679, 0.0308029, 0.975605, 1.91667
2.72447, 0.0158131, 0.0310723, 0.983952, 1.93343
2.73447, 0.0159893, 0.0313042, 0.99491, 1.94786
2.74447, 0.016185, 0.0315081, 1.00709, 1.96055
2.75447, 0.0163682, 0.0317082, 1.01849, 1.973
2.76447, 0.0165113, 0.0319257, 1.0274, 1.98654
2.77447, 0.0166033, 0.0321672, 1.03312, 2.00156
2.78447, 0.0166528, 0.0324251, 1.0362, 2.01761
2.79447, 0.0166824, 0.0326878, 1.03804, 2.03395
2.80447, 0.016717, 0.0329477, 1.04019, 2.05013
2.81447, 0.0167736, 0.0332018, 1.04372, 2.06594
2.82447, 0.0168574, 0.0334459, 1.04893, 2.08113
2.83447, 0.0169639, 0.0336731, 1.05556, 2.09527
2.84447, 0.0170834, 0.0338782, 1.06299, 2.10802
2.85447, 0.0172048, 0.0340651, 1.07055, 2.11966
2.86447, 0.0173184, 0.0342505, 1.07762, 2.13119
2.87447, 0.0174175, 0.0344575, 1.08378, 2.14407
2.88447, 0.0175016, 0.0347047, 1.08901, 2.15945
2.89447, 0.0175772, 0.034997, 1.09372, 2.17764
2.90447, 0.0176574, 0.035324, 1.09871, 2.19799
2.91447, 0.0177569, 0.0356641, 1.1049, 2.21915
2.92447, 0.0178873, 0.0359932, 1.11302, 2.23963
2.93447, 0.0180523, 0.0362935, 1.12328, 2.25831
2.94447, 0.0182448, 0.0365595, 1.13526, 2.27487
2.95447, 0.0184469, 0.036801, 1.14783, 2.28989
2.96447, 0.018633, 0.0370375, 1.15942, 2.30461
2.97447, 0.0187772, 0.0372873, 1.16839, 2.32015
2.98447, 0.0188627, 0.0375537, 1.17371, 2.33673
2.99447, 0.0188889, 0.0378191, 1.17534, 2.35324
3.00447, 0.0188714, 0.038052, 1.17425, 2.36773
3.01447, 0.0188346, 0.0382247, 1.17196, 2.37848
3.02447, 0.0188011, 0.038331, 1.16987, 2.38509
3.03447, 0.0187865, 0.0383923, 1.16896, 2.38891
3.04447, 0.0187995, 0.0384483, 1.16978, 2.3924
3.05447, 0.0188463, 0.0385385, 1.17269, 2.39801
3.06447, 0.0189318, 0.0386866, 1.178, 2.40722
3.07447, 0.0190572, 0.0388947, 1.18581, 2.42017
3.08447, 0.0192171, 0.039147, 1.19576, 2.43587
3.09447, 0.0193982, 0.0394168, 1.20703, 2.45266
3.10447, 0.0195842, 0.0396735, 1.2186, 2.46863
3.11447, 0.0197596, 0.0398877, 1.22952, 2.48196
3.12447, 0.0199125, 0.0400379, 1.23903, 2.4913
3.13447, 0.0200327, 0.0401167, 1.24651, 2.4962
3.14447, 0.0201113, 0.0401356, 1.2514, 2.49738
3.15447, 0.0201433, 0.0401224, 1.25339, 2.49656
3.16447, 0.0201326, 0.0401121, 1.25272, 2.49592
3.17447, 0.0200955, 0.0401355, 1.25042, 2.49738
3.18447, 0.0200567, 0.0402131, 1.248, 2.5022
3.19447, 0.0200395, 0.0403531, 1.24693, 2.51092
3.20447, 0.0200549, 0.0405544, 1.24789, 2.52344
3.21447, 0.0200976, 0.0408057, 1.25054, 2.53908
3.22447, 0.0201524, 0.0410846, 1.25395, 2.55643
3.23447, 0.0202074, 0.0413568, 1.25738, 2.57337
3.24447, 0.0202646, 0.0415827, 1.26094, 2.58743
3.25447, 0.0203385, 0.04173, 1.26553, 2.5966
3.26447, 0.0204437, 0.041786, 1.27208, 2.60008
3.27447, 0.0205783, 0.0417598, 1.28046, 2.59845
3.28447, 0.0207174, 0.0416741, 1.28911, 2.59311
3.29447, 0.0208222, 0.0415486, 1.29563, 2.58531
3.30447, 0.020862, 0.0413914, 1.29811, 2.57552
3.31447, 0.020833, 0.0412009, 1.29631, 2.56367
3.32447, 0.0207624, 0.0409806, 1.29191, 2.54996
3.33447, 0.0206934, 0.040752, 1.28762, 2.53574
3.34447, 0.0206623, 0.0405565, 1.28569, 2.52357
3.35447, 0.0206808, 0.0404409, 1.28684, 2.51638
3.36447, 0.0207323, 0.0404365, 1.29004, 2.51611
3.37447, 0.0207831, 0.0405419, 1.2932, 2.52266
3.38447, 0.0207994, 0.0407209, 1.29421, 2.5338
3.39447, 0.0207623, 0.0409152, 1.2919, 2.54589
3.40447, 0.0206736, 0.0410636, 1.28639, 2.55513
3.41447, 0.0205533, 0.0411211, 1.2789, 2.55871
3.42447, 0.0204293, 0.04107, 1.27119, 2.55552
3.43447, 0.0203269, 0.0409231, 1.26481, 2.54639
3.44447, 0.0202596, 0.0407186, 1.26063, 2.53366
3.45447, 0.0202277, 0.0405061, 1.25864, 2.52044
3.46447, 0.0202216, 0.0403298, 1.25826, 2.50947
3.47447, 0.0202283, 0.0402119, 1.25868, 2.50213
3.48447, 0.0202358, 0.0401478, 1.25915, 2.49814
3.49447, 0.0202343, 0.040114, 1.25905, 2.49604
3.50447, 0.0202158, 0.0400855, 1.2579, 2.49427
3.51447, 0.0201759, 0.0400508, 1.25542, 2.49211
3.52447, 0.0201157, 0.0400134, 1.25167, 2.48978
3.53447, 0.020043, 0.0399821, 1.24715, 2.48783
3.54447, 0.0199705, 0.0399565, 1.24264, 2.48624
3.55447, 0.0199093, 0.0399209, 1.23883, 2.48403
3.56447, 0.0198649, 0.039851, 1.23606, 2.47968
3.57447, 0.0198363, 0.0397265, 1.23429, 2.47193
3.58447, 0.0198201, 0.0395418, 1.23328, 2.46044
3.59447, 0.0198133, 0.039306, 1.23286, 2.44576
3.60447, 0.0198128, 0.039036, 1.23283, 2.42896
3.61447, 0.0198106, 0.0387487, 1.23269, 2.41109
3.62447, 0.0197908, 0.0384591, 1.23146, 2.39307
3.63447, 0.0197336, 0.0381826, 1.2279, 2.37586
3.64447, 0.0196254, 0.0379375, 1.22116, 2.36061
3.65447, 0.0194693, 0.0377423, 1.21145, 2.34846
3.66447, 0.0192891, 0.0376083, 1.20024, 2.34012
3.67447, 0.0191194, 0.0375315, 1.18968, 2.33535
3.68447, 0.0189899, 0.0374907, 1.18162, 2.33281
3.69447, 0.0189092, 0.0374533, 1.1766, 2.33048
3.70447, 0.0188603, 0.0373878, 1.17355, 2.32641
3.71447, 0.018808, 0.0372753, 1.1703, 2.31941
3.72447, 0.0187153, 0.0371152, 1.16453, 2.30944
3.73447, 0.0185587, 0.0369238, 1.15479, 2.29753
3.74447, 0.0183373, 0.0367275, 1.14101, 2.28532
3.75447, 0.0180727, 0.0365553, 1.12455, 2.2746
3.76447, 0.0178018, 0.03643, 1.1077, 2.26681
3.77447, 0.0175647, 0.036362, 1.09294, 2.26258
3.78447, 0.0173926, 0.0363428, 1.08223, 2.26138
3.79447, 0.017299, 0.0363441, 1.07641, 2.26147
3.80447, 0.0172769, 0.036325, 1.07503, 2.26028
3.81447, 0.0173036, 0.0362465, 1.07669, 2.25539
3.82447, 0.0173516, 0.0360877, 1.07968, 2.24551
3.83447, 0.0173992, 0.0358541, 1.08264, 2.23097
3.84447, 0.0174344, 0.0355732, 1.08483, 2.2135
3.85447, 0.0174518, 0.0352789, 1.08592, 2.19519
3.86447, 0.0174452, 0.0349957, 1.08551, 2.17756
3.87447, 0.0174036, 0.034731, 1.08292, 2.16109
3.88447, 0.0173153, 0.0344779, 1.07742, 2.14534
3.89447, 0.0171772, 0.034224, 1.06883, 2.12954
3.90447, 0.0170026, 0.0339583, 1.05797, 2.11301
3.91447, 0.0168191, 0.0336739, 1.04654, 2.09531
3.92447, 0.0166575, 0.0333682, 1.03649, 2.07629
3.93447, 0.0165377, 0.0330449, 1.02904, 2.05617
3.94447, 0.0164593, 0.0327178, 1.02416, 2.03582
3.95447, 0.0164039, 0.0324123, 1.02071, 2.01681
3.96447, 0.0163463, 0.0321593, 1.01713, 2.00107
3.97447, 0.0162688, 0.031982, 1.0123, 1.99003
3.98447, 0.0161701, 0.0318824, 1.00616, 1.98384
3.99447, 0.0160662, 0.0318353, 0.999698, 1.98091
4.00447, 0.0159812, 0.0317954, 0.994408, 1.97842
4.01447, 0.0159341, 0.0317172, 0.991478, 1.97356
4.02447, 0.0159277, 0.0315764, 0.991077, 1.9648
4.03447, 0.015945, 0.0313826, 0.992155, 1.95274
4.04447, 0.0159568, 0.0311755, 0.992891, 1.93986
4.05447, 0.0159355, 0.0310061, 0.991567, 1.92931
4.06447, 0.0158684, 0.0309107, 0.987388, 1.92338
4.07447, 0.0157617, 0.0308924, 0.980754, 1.92224
4.08447, 0.0156348, 0.0309195, 0.972855, 1.92392
4.09447, 0.0155071, 0.0309409, 0.964907, 1.92526
4.10447, 0.0153888, 0.030911, 0.957548, 1.9234
4.11447, 0.0152798, 0.0308104, 0.950762, 1.91714
4.12447, 0.0151754, 0.0306514, 0.944267, 1.90724
4.13447, 0.0150739, 0.0304678, 0.937952, 1.89582
4.14447, 0.0149783, 0.0302965, 0.932007, 1.88516
4.15447, 0.0148929, 0.0301602, 0.926688, 1.87668
4.16447, 0.0148176, 0.03006, 0.922004, 1.87045
4.17447, 0.0147474, 0.0299792, 0.917638, 1.86541
4.18447, 0.0146767, 0.0298927, 0.913237, 1.86003
4.19447, 0.0146059, 0.0297793, 0.90883, 1.85297
4.20447, 0.0145452, 0.0296299, 0.905054, 1.84368
4.21447, 0.014511, 0.0294525, 0.902928, 1.83264
4.22447, 0.0145161, 0.0292696, 0.903245, 1.82126
4.23447, 0.0145592, 0.0291095, 0.905925, 1.8113
4.24447, 0.0146204, 0.0289921, 0.909733, 1.804
4.25447, 0.0146669, 0.0289162, 0.91263, 1.79927
4.26447, 0.0146671, 0.0288561, 0.912644, 1.79553
4.27447, 0.014606, 0.0287716, 0.90884, 1.79028
4.28447, 0.0144938, 0.0286286, 0.901858, 1.78138
4.29447, 0.0143622, 0.0284173, 0.893666, 1.76823
4.30447, 0.0142495, 0.0281599, 0.886655, 1.75221
4.31447, 0.0141828, 0.0279001, 0.882503, 1.73604
4.32447, 0.0141654, 0.0276835, 0.881424, 1.72257
4.33447, 0.0141767, 0.0275386, 0.882124, 1.71355
4.34447, 0.0141822, 0.0274683, 0.882467, 1.70918
4.35447, 0.0141502, 0.0274542, 0.880477, 1.7083
4.36447, 0.014065, 0.0274683, 0.875175, 1.70918
4.37447, 0.0139322, 0.0274855, 0.866913, 1.71025
4.38447, 0.0137745, 0.0274904, 0.8571, 1.71055
4.39447, 0.0136209, 0.0274779, 0.847542, 1.70978
4.40447, 0.013496, 0.027448, 0.839772, 1.70791
4.41447, 0.013414, 0.0274002, 0.834669, 1.70494
4.42447, 0.0133784, 0.0273315, 0.832451, 1.70067
4.43447, 0.013385, 0.0272403, 0.832866, 1.69499
4.44447, 0.0134246, 0.0271333, 0.835326, 1.68833
4.45447, 0.0134825, 0.0270292, 0.838931, 1.68185
4.46447, 0.0135395, 0.026953, 0.842478, 1.67711
4.47447, 0.0135751, 0.0269219, 0.844694, 1.67518
4.48447, 0.0135746, 0.0269313, 0.844659, 1.67577
4.49447, 0.013535, 0.0269524, 0.842197, 1.67708
4.50447, 0.0134664, 0.0269452, 0.837931, 1.67663
4.51447, 0.0133857, 0.0268812, 0.832906, 1.67265
4.52447, 0.0133078, 0.026761, 0.828061, 1.66517
4.53447, 0.0132408, 0.0266153, 0.823888, 1.6561
4.54447, 0.0131859, 0.0264883, 0.820474, 1.6482
4.55447, 0.0131424, 0.0264137, 0.817767, 1.64356
4.56447, 0.0131104, 0.0263982, 0.815779, 1.64259
4.57447, 0.013091, 0.0264202, 0.814568, 1.64396
4.58447, 0.0130834, 0.0264438, 0.814098, 1.64543
4.59447, 0.0130847, 0.026438, 0.814175, 1.64507
4.60447, 0.0130911, 0.0263911, 0.814577, 1.64215
4.61447, 0.0131013, 0.026313, 0.81521, 1.63729
4.62447, 0.0131164, 0.0262274, 0.816153, 1.63197
4.63447, 0.0131382, 0.0261591, 0.817507, 1.62771
4.64447, 0.0131652, 0.0261225, 0.819188, 1.62544
4.65447, 0.0131922, 0.0261183, 0.820865, 1.62518
4.66447, 0.0132117, 0.0261361, 0.822082, 1.62629
4.67447, 0.0132182, 0.0261616, 0.822485, 1.62787
4.68447, 0.0132103, 0.0261826, 0.821993, 1.62918
4.69447, 0.0131912, 0.0261923, 0.820807, 1.62978
4.70447, 0.0131671, 0.0261879, 0.819302, 1.62951
4.71447, 0.0131439, 0.0261691, 0.817862, 1.62833
4.72447, 0.0131262, 0.0261368, 0.81676, 1.62633
4.73447, 0.013116, 0.0260954, 0.816126, 1.62375
4.74447, 0.0131139, 0.0260538, 0.815997, 1.62116
4.75447, 0.0131203, 0.0260248, 0.816392, 1.61936
4.76447, 0.0131354, 0.0260216, 0.817331, 1.61916
4.77447, 0.0131579, 0.0260511, 0.818733, 1.62099
4.78447, 0.0131826, 0.02611, 0.820267, 1.62466
4.79447, 0.0131992, 0.0261847, 0.821305, 1.62931
4.80447, 0.0131968, 0.0262564, 0.821155, 1.63377
4.81447, 0.0131705, 0.0263089, 0.819514, 1.63703
4.82447, 0.0131278, 0.0263355, 0.816857, 1.63869
4.83447, 0.0130884, 0.0263411, 0.814407, 1.63904
4.84447, 0.013075, 0.0263383, 0.813576, 1.63887
4.85447, 0.0131005, 0.0263411, 0.815158, 1.63904
4.86447, 0.0131589, 0.0263593, 0.818797, 1.64017
4.87447, 0.0132286, 0.0263979, 0.823133, 1.64258
4.88447, 0.0132841, 0.0264594, 0.826587, 1.6464
4.89447, 0.0133115, 0.0265452, 0.828289, 1.65174
4.90447, 0.0133157, 0.0266544, 0.828553, 1.65854
4.91447, 0.0133164, 0.0267803, 0.828595, 1.66637
4.92447, 0.0133342, 0.026908, 0.829701, 1.67432
4.93447, 0.0133773, 0.027019, 0.832386, 1.68122
4.94447, 0.0134367, 0.0270998, 0.836083, 1.68625
4.95447, 0.0134922, 0.0271494, 0.839536, 1.68933
4.96447, 0.0135256, 0.0271803, 0.841615, 1.69126
4.97447, 0.0135324, 0.0272106, 0.842037, 1.69314
4.98447, 0.0135241, 0.0272525, 0.841517, 1.69575
4.99447, 0.0135204, 0.0273062, 0.841287, 1.69909
5.00447, 0.0135369, 0.0273619, 0.842313, 1.70256
5.01447, 0.0135761, 0.0274085, 0.844752, 1.70546
5.02447, 0.0136286, 0.0274419, 0.84802, 1.70753
5.03447, 0.0136826, 0.0274671, 0.851383, 1.7091
5.04447, 0.0137347, 0.0274952, 0.854626, 1.71085
5.05447, 0.0137931, 0.0275372, 0.85826, 1.71347
5.06447, 0.0138705, 0.0276006, 0.863076, 1.71741
5.07447, 0.0139717, 0.0276882, 0.869369, 1.72286
5.08447, 0.0140848, 0.0277972, 0.876406, 1.72964
5.09447, 0.014184, 0.0279169, 0.882579, 1.73709
5.10447, 0.0142421, 0.0280279, 0.886198, 1.744
5.11447, 0.0142463, 0.0281073, 0.886456, 1.74894
5.12447, 0.0142059, 0.0281407, 0.883944, 1.75102
5.13447, 0.014149, 0.0281354, 0.880402, 1.75069
5.14447, 0.0141082, 0.0281235, 0.877863, 1.74995
5.15447, 0.0141054, 0.0281506, 0.877687, 1.75163
5.16447, 0.0141429, 0.0282522, 0.880025, 1.75796
5.17447, 0.0142063, 0.0284332, 0.883965, 1.76922
5.18447, 0.0142744, 0.0286616, 0.888204, 1.78343
5.19447, 0.0143327, 0.0288818, 0.891831, 1.79713
5.20447, 0.0143798, 0.0290389, 0.894763, 1.80691
5.21447, 0.0144257, 0.029102, 0.897619, 1.81083
5.22447, 0.0144827, 0.0290763, 0.901166, 1.80923
5.23447, 0.0145558, 0.0289994, 0.905713, 1.80445
5.24447, 0.0146379, 0.028927, 0.910823, 1.79995
5.25447, 0.0147135, 0.0289121, 0.915529, 1.79901
5.26447, 0.0147676, 0.0289867, 0.918895, 1.80366
5.27447, 0.0147948, 0.0291523, 0.920587, 1.81396
5.28447, 0.0148033, 0.0293801, 0.921116, 1.82813
5.29447, 0.0148119, 0.029623, 0.921649, 1.84325
5.30447, 0.0148415, 0.0298326, 0.923491, 1.8563
5.31447, 0.0149065, 0.0299746, 0.927539, 1.86513
5.32447, 0.0150093, 0.0300381, 0.933936, 1.86908
5.33447, 0.0151395, 0.0300378, 0.942037, 1.86906
5.34447, 0.0152779, 0.0300074, 0.950649, 1.86717
5.35447, 0.0154024, 0.0299881, 0.958394, 1.86597
5.36447, 0.0154942, 0.0300139, 0.964107, 1.86757
5.37447, 0.0155435, 0.0301002, 0.967175, 1.87294
5.38447, 0.0155532, 0.0302402, 0.967776, 1.88165
5.39447, 0.0155396, 0.030412, 0.966932, 1.89235
5.40447, 0.0155286, 0.0305923, 0.966249, 1.90356
5.41447, 0.0155462, 0.0307669, 0.96734, 1.91443
5.42447, 0.0156062, 0.0309331, 0.971076, 1.92477
5.43447, 0.0157023, 0.0310928, 0.977053, 1.93471
5.44447, 0.0158082, 0.0312454, 0.983641, 1.9442
5.45447, 0.0158897, 0.0313867, 0.988716, 1.953
5.46447, 0.0159223, 0.031515, 0.990745, 1.96098
5.47447, 0.015904, 0.031636, 0.989603, 1.96851
5.48447, 0.015856, 0.0317599, 0.986618, 1.97622
5.49447, 0.015811, 0.0318909, 0.983816, 1.98437
5.50447, 0.0157958, 0.0320195, 0.98287, 1.99237
5.51447, 0.0158204, 0.0321264, 0.984406, 1.99903
5.52447, 0.0158787, 0.0321997, 0.988032, 2.00359
5.53447, 0.0159571, 0.0322507, 0.992907, 2.00675
5.54447, 0.0160443, 0.0323145, 0.998335, 2.01073
5.55447, 0.0161354, 0.0324312, 1.004, 2.01799
5.56447, 0.0162292, 0.0326179, 1.00984, 2.0296
5.57447, 0.0163253, 0.0328531, 1.01582, 2.04424
5.58447, 0.0164229, 0.0330861, 1.0219, 2.05874
5.59447, 0.0165233, 0.0332656, 1.02814, 2.06991
5.60447, 0.0166291, 0.0333689, 1.03472, 2.07634
5.61447, 0.0167415, 0.0334123, 1.04172, 2.07903
5.62447, 0.0168559, 0.0334366, 1.04883, 2.08055
5.63447, 0.0169607, 0.033481, 1.05536, 2.08331
5.64447, 0.0170438, 0.0335604, 1.06053, 2.08825
5.65447, 0.0170999, 0.0336625, 1.06402, 2.0946
5.66447, 0.017135, 0.0337616, 1.0662, 2.10077
5.67447, 0.0171626, 0.0338407, 1.06792, 2.10569
5.68447, 0.0171949, 0.0339054, 1.06993, 2.10972
5.69447, 0.0172355, 0.0339838, 1.07246, 2.1146
5.70447, 0.017278, 0.0341103, 1.0751, 2.12247
5.71447, 0.0173119, 0.0343052, 1.07721, 2.1346
5.72447, 0.0173304, 0.0345599, 1.07836, 2.15044
5.73447, 0.0173345, 0.0348361, 1.07862, 2.16763
5.74447, 0.0173322, 0.0350806, 1.07847, 2.18284
5.75447, 0.0173335, 0.0352449, 1.07855, 2.19307
5.76447, 0.0173457, 0.0353033, 1.07931, 2.1967
5.77447, 0.0173705, 0.0352589, 1.08085, 2.19394
5.78447, 0.0174046, 0.0351402, 1.08298, 2.18655
5.79447, 0.0174423, 0.0349922, 1.08533, 2.17734
5.80447, 0.0174785, 0.0348659, 1.08758, 2.16949
5.81447, 0.0175097, 0.0348078, 1.08952, 2.16587
5.82447, 0.0175343, 0.0348492, 1.09105, 2.16844
5.83447, 0.017551, 0.0349964, 1.09209, 2.1776
5.84447, 0.0175598, 0.0352268, 1.09263, 2.19194
5.85447, 0.0175629, 0.0354942, 1.09283, 2.20858
5.86447, 0.0175658, 0.0357439, 1.09301, 2.22412
5.87447, 0.0175753, 0.0359313, 1.0936, 2.23578
5.88447, 0.0175949, 0.036034, 1.09482, 2.24217
5.89447, 0.0176213, 0.036053, 1.09646, 2.24335
5.90447, 0.0176462, 0.0360048, 1.09801, 2.24035
5.91447, 0.0176632, 0.035912, 1.09907, 2.23458
5.92447, 0.0176748, 0.0357994, 1.09979, 2.22757
5.93447, 0.0176931, 0.0356945, 1.10093, 2.22104
5.94447, 0.0177324, 0.0356285, 1.10337, 2.21694
5.95447, 0.0177989, 0.0356315, 1.10751, 2.21712
5.96447, 0.0178858, 0.035722, 1.11292, 2.22275
5.97447, 0.0179776, 0.0358968, 1.11863, 2.23363
5.98447, 0.0180605, 0.0361295, 1.12379, 2.24811
5.99447, 0.0181297, 0.0363785, 1.1281, 2.2636
6.00447, 0.0181903, 0.0366023, 1.13187, 2.27753
6.01447, 0.0182494, 0.0367726, 1.13554, 2.28813
6.02447, 0.0183092, 0.0368788, 1.13927, 2.29473
6.03447, 0.0183643, 0.0369245, 1.1427, 2.29758
6.04447, 0.0184054, 0.0369201, 1.14525, 2.2973
6.05447, 0.018425, 0.0368759, 1.14647, 2.29456
6.06447, 0.018423, 0.0368008, 1.14634, 2.28988
6.07447, 0.018407, 0.036703, 1.14535, 2.2838
6.08447, 0.0183914, 0.0365944, 1.14438, 2.27704
6.09447, 0.0183915, 0.0364916, 1.14439, 2.27064
6.10447, 0.0184174, 0.0364145, 1.146, 2.26584
6.11447, 0.0184665, 0.03638, 1.14905, 2.2637
6.12447, 0.0185208, 0.0363923, 1.15243, 2.26446
6.13447, 0.0185518, 0.036437, 1.15436, 2.26724
6.14447, 0.0185337, 0.0364824, 1.15323, 2.27007
6.15447, 0.0184574, 0.0364935, 1.14849, 2.27076
6.16447, 0.0183381, 0.0364515, 1.14106, 2.26815
6.17447, 0.0182084, 0.0363687, 1.133, 2.263
6.18447, 0.0181028, 0.0362863, 1.12642, 2.25787
6.19447, 0.0180411, 0.0362527, 1.12258, 2.25578
6.20447, 0.0180228, 0.0362941, 1.12145, 2.25835
6.21447, 0.0180328, 0.0363941, 1.12207, 2.26457
6.22447, 0.0180528, 0.0364986, 1.12331, 2.27108
6.23447, 0.0180703, 0.036544, 1.1244, 2.2739
6.24447, 0.01808, 0.0364915, 1.125, 2.27064
6.25447, 0.0180808, 0.0363485, 1.12505, 2.26174
6.26447, 0.0180731, 0.0361623, 1.12458, 2.25015
6.27447, 0.0180593, 0.0359939, 1.12372, 2.23967
