0.164472, 2.55556, 7.57314, 29.6326, 87.8132
0.174472, 2.34427, 6.55523, 27.1826, 76.0102
0.184472, 2.22814, 5.59971, 25.8361, 64.9306
0.194472, 2.15401, 4.80219, 24.9765, 55.6831
0.204472, 2.07613, 4.20232, 24.0734, 48.7274
0.214472, 1.97014, 3.78334, 22.8444, 43.8692
0.224472, 1.8366, 3.49187, 21.296, 40.4894
0.234472, 1.69417, 3.2663, 19.6445, 37.8739
0.244472, 1.56599, 3.05926, 18.1582, 35.4731
0.254472, 1.46611, 2.84616, 17, 33.0022
0.264472, 1.39255, 2.62188, 16.1471, 30.4016
0.274472, 1.33006, 2.39282, 15.4225, 27.7456
0.284472, 1.25998, 2.17027, 14.6099, 25.1651
0.294472, 1.17087, 1.96621, 13.5767, 22.7989
0.304472, 1.06396, 1.79009, 12.337, 20.7568
0.314472, 0.951058, 1.64597, 11.0278, 19.0856
0.324472, 0.847351, 1.53124, 9.82533, 17.7553
0.334472, 0.76366, 1.43837, 8.8549, 16.6784
0.344472, 0.702172, 1.35863, 8.14193, 15.7538
0.354472, 0.657111, 1.2856, 7.61944, 14.907
0.364472, 0.619056, 1.21638, 7.17817, 14.1043
0.374472, 0.580115, 1.1506, 6.72664, 13.3416
0.384472, 0.537236, 1.08904, 6.22944, 12.6278
0.394472, 0.492355, 1.03296, 5.70902, 11.9775
0.404472, 0.450056, 0.983971, 5.21856, 11.4095
0.414472, 0.414645, 0.943279, 4.80795, 10.9376
0.424472, 0.388413, 0.909944, 4.50379, 10.5511
0.434472, 0.371558, 0.879484, 4.30835, 10.1979
0.444472, 0.362881, 0.84464, 4.20773, 9.79389
0.454472, 0.360202, 0.798852, 4.17667, 9.26297
0.464472, 0.360308, 0.740635, 4.1779, 8.58792
0.474472, 0.359162, 0.675708, 4.16461, 7.83507
0.484472, 0.353027, 0.614816, 4.09347, 7.129
0.494472, 0.340127, 0.568062, 3.9439, 6.58687
0.504472, 0.32162, 0.539262, 3.72929, 6.25293
0.514472, 0.300921, 0.524028, 3.48928, 6.07628
0.524472, 0.28172, 0.512837, 3.26664, 5.94652
0.534472, 0.266068, 0.49691, 3.08515, 5.76185
0.544472, 0.253841, 0.472951, 2.94337, 5.48403
0.554472, 0.243725, 0.443875, 2.82607, 5.14688
0.564472, 0.234693, 0.415709, 2.72134, 4.82029
0.574472, 0.226731, 0.393309, 2.62903, 4.56055
0.584472, 0.220379, 0.37786, 2.55537, 4.38142
0.594472, 0.215677, 0.367246, 2.50085, 4.25834
0.604472, 0.211556, 0.358209, 2.45306, 4.15355
0.614472, 0.206223, 0.348341, 2.39123, 4.03914
0.624472, 0.198276, 0.336761, 2.29908, 3.90487
0.634472, 0.187686, 0.323674, 2.17629, 3.75311
0.644472, 0.175927, 0.309745, 2.03994, 3.59161
0.654472, 0.165113, 0.295867, 1.91454, 3.43068
0.664472, 0.156751, 0.283133, 1.81759, 3.28302
0.674472, 0.150924, 0.272588, 1.75001, 3.16076
0.684472, 0.14642, 0.264656, 1.69779, 3.06878
0.694472, 0.141674, 0.258699, 1.64276, 2.9997
0.704472, 0.135841, 0.253252, 1.57512, 2.93654
0.714472, 0.129304, 0.246942, 1.49932, 2.86338
0.724472, 0.123342, 0.239479, 1.43019, 2.77684
0.734472, 0.119246, 0.231943, 1.38269, 2.68946
0.744472, 0.117491, 0.226099, 1.36235, 2.62169
0.754472, 0.117449, 0.223171, 1.36186, 2.58774
0.764472, 0.117735, 0.222947, 1.36518, 2.58515
0.774472, 0.116953, 0.223812, 1.35611, 2.59518
0.784472, 0.114378, 0.223659, 1.32626, 2.59341
0.794472, 0.110263, 0.221055, 1.27854, 2.5632
0.804472, 0.105631, 0.215916, 1.22483, 2.50363
0.814472, 0.101713, 0.209355, 1.1794, 2.42755
0.824472, 0.0993286, 0.202888, 1.15175, 2.35255
0.834472, 0.0985398, 0.197566, 1.1426, 2.29085
0.844472, 0.0987209, 0.193533, 1.1447, 2.24409
0.854472, 0.0989511, 0.190179, 1.14737, 2.20519
0.864472, 0.0984693, 0.186696, 1.14179, 2.1648
0.874472, 0.0969513, 0.182651, 1.12418, 2.11791
0.884472, 0.0945309, 0.178241, 1.09612, 2.06676
0.894472, 0.0916444, 0.174121, 1.06265, 2.019
0.904472, 0.0888235, 0.171, 1.02994, 1.9828
0.914472, 0.0865087, 0.169242, 1.0031, 1.96242
0.924472, 0.0849078, 0.168725, 0.984535, 1.95642
0.934472, 0.0839235, 0.168934, 0.973122, 1.95885
0.944472, 0.0832009, 0.169196, 0.964743, 1.96189
0.954472, 0.0823051, 0.168887, 0.954357, 1.95831
0.964472, 0.0809538, 0.167567, 0.938688, 1.943
0.974472, 0.0791657, 0.165073, 0.917953, 1.91408
0.984472, 0.0772325, 0.161592, 0.895537, 1.87371
0.994472, 0.0755438, 0.15765, 0.875957, 1.82801
1.00447, 0.0743904, 0.153954, 0.862583, 1.78515
1.01447, 0.0738576, 0.151088, 0.856405, 1.75191
1.02447, 0.0738289, 0.14923, 0.856071, 1.73037
1.03447, 0.0740454, 0.148093, 0.858582, 1.71719
1.04447, 0.074176, 0.147134, 0.860097, 1.70607
1.05447, 0.0739061, 0.145892, 0.856967, 1.69166
1.06447, 0.07306, 0.144215, 0.847156, 1.67222
1.07447, 0.0717185, 0.142231, 0.831601, 1.64922
1.08447, 0.0702327, 0.14013, 0.814373, 1.62486
1.09447, 0.0690729, 0.13798, 0.800924, 1.59993
1.10447, 0.0685719, 0.135723, 0.795115, 1.57376
1.11447, 0.0687314, 0.133332, 0.796964, 1.54603
1.12447, 0.0692307, 0.130958, 0.802754, 1.5185
1.13447, 0.0696313, 0.128928, 0.807399, 1.49496
1.14447, 0.0696178, 0.127573, 0.807242, 1.47926
1.15447, 0.0691038, 0.12702, 0.801282, 1.47284
1.16447, 0.0681627, 0.127088, 0.79037, 1.47363
1.17447, 0.066892, 0.127357, 0.775636, 1.47675
1.18447, 0.0653522, 0.127341, 0.757781, 1.47656
1.19447, 0.0636165, 0.126683, 0.737655, 1.46894
1.20447, 0.0618477, 0.125293, 0.717145, 1.45281
1.21447, 0.0602937, 0.123383, 0.699126, 1.43067
1.22447, 0.0591854, 0.121413, 0.686275, 1.40782
1.23447, 0.0586189, 0.119926, 0.679706, 1.39058
1.24447, 0.0585149, 0.119329, 0.6785, 1.38367
1.25447, 0.058672, 0.119699, 0.680322, 1.38795
1.26447, 0.0588597, 0.120725, 0.682499, 1.39985
1.27447, 0.0588919, 0.121845, 0.682872, 1.41284
1.28447, 0.058669, 0.122515, 0.680287, 1.42061
1.29447, 0.0582005, 0.122458, 0.674855, 1.41995
1.30447, 0.0576045, 0.121747, 0.667945, 1.4117
1.31447, 0.0570562, 0.120688, 0.661587, 1.39942
1.32447, 0.0566852, 0.119599, 0.657285, 1.38679
1.33447, 0.0564831, 0.118632, 0.654942, 1.37557
1.34447, 0.056301, 0.117747, 0.65283, 1.36532
1.35447, 0.055959, 0.116804, 0.648864, 1.35438
1.36447, 0.0553913, 0.115673, 0.642282, 1.34126
1.37447, 0.054711, 0.114303, 0.634394, 1.32539
1.38447, 0.0541407, 0.112725, 0.62778, 1.30709
1.39447, 0.0538646, 0.111028, 0.624578, 1.28741
1.40447, 0.0539173, 0.109355, 0.625189, 1.26801
1.41447, 0.0541811, 0.107888, 0.628249, 1.251
1.42447, 0.0544734, 0.106796, 0.631638, 1.23834
1.43447, 0.0546439, 0.106139, 0.633615, 1.23072
1.44447, 0.0546188, 0.105803, 0.633324, 1.22682
1.45447, 0.054386, 0.10552, 0.630624, 1.22354
1.46447, 0.053961, 0.105003, 0.625696, 1.21754
1.47447, 0.0533699, 0.104116, 0.618842, 1.20726
1.48447, 0.0526566, 0.102967, 0.610572, 1.19393
1.49447, 0.0518957, 0.101848, 0.601749, 1.18096
1.50447, 0.0511881, 0.101061, 0.593544, 1.17184
1.51447, 0.0506339, 0.100737, 0.587117, 1.16809
1.52447, 0.0502944, 0.100776, 0.583181, 1.16853
1.53447, 0.0501671, 0.100927, 0.581705, 1.17029
1.54447, 0.0501919, 0.100958, 0.581992, 1.17065
1.55447, 0.0502853, 0.100787, 0.583075, 1.16866
1.56447, 0.0503792, 0.100512, 0.584165, 1.16547
1.57447, 0.0504353, 0.10033, 0.584815, 1.16336
1.58447, 0.0504311, 0.100409, 0.584766, 1.16428
1.59447, 0.0503443, 0.100778, 0.58376, 1.16855
1.60447, 0.0501644, 0.101288, 0.581674, 1.17446
1.61447, 0.0499287, 0.101674, 0.57894, 1.17895
1.62447, 0.0497406, 0.101691, 0.576759, 1.17914
1.63447, 0.049728, 0.101255, 0.576614, 1.17409
1.64447, 0.0499486, 0.100522, 0.579171, 1.16559
1.65447, 0.0503091, 0.0998197, 0.583351, 1.15744
1.66447, 0.0505776, 0.0994739, 0.586465, 1.15343
1.67447, 0.0505049, 0.0996213, 0.585621, 1.15514
1.68447, 0.0499846, 0.100136, 0.579589, 1.16111
1.69447, 0.0491437, 0.100713, 0.569838, 1.1678
1.70447, 0.0482948, 0.101056, 0.559995, 1.17178
1.71447, 0.0477796, 0.10103, 0.554021, 1.17148
1.72447, 0.0478, 0.100701, 0.554258, 1.16766
1.73447, 0.0483337, 0.100249, 0.560446, 1.16242
1.74447, 0.0491644, 0.0998487, 0.570079, 1.15778
1.75447, 0.0499883, 0.0995829, 0.579632, 1.1547
1.76447, 0.0505318, 0.0994347, 0.585934, 1.15298
1.77447, 0.0506344, 0.0993332, 0.587124, 1.1518
1.78447, 0.050285, 0.0992173, 0.583072, 1.15046
1.79447, 0.0496157, 0.099083, 0.575311, 1.1489
1.80447, 0.048859, 0.0989931, 0.566537, 1.14786
1.81447, 0.048271, 0.0990408, 0.559719, 1.14841
1.82447, 0.0480419, 0.0992812, 0.557063, 1.1512
1.83447, 0.0482283, 0.0996734, 0.559224, 1.15575
1.84447, 0.0487389, 0.100082, 0.565145, 1.16048
1.85447, 0.0493805, 0.100351, 0.572585, 1.16361
1.86447, 0.0499375, 0.100407, 0.579043, 1.16426
1.87447, 0.0502484, 0.100305, 0.582648, 1.16308
1.88447, 0.0502543, 0.10018, 0.582716, 1.16163
1.89447, 0.0500098, 0.100131, 0.579881, 1.16105
1.90447, 0.0496589, 0.100135, 0.575812, 1.16109
1.91447, 0.0493789, 0.100072, 0.572565, 1.16036
1.92447, 0.0493075, 0.0998389, 0.571738, 1.15767
1.93447, 0.049485, 0.0994663, 0.573796, 1.15335
1.94447, 0.0498465, 0.0991293, 0.577987, 1.14944
1.95447, 0.0502754, 0.0990395, 0.58296, 1.1484
1.96447, 0.0506826, 0.0992967, 0.587682, 1.15138
1.97447, 0.0510524, 0.0998184, 0.59197, 1.15743
1.98447, 0.0514218, 0.100405, 0.596254, 1.16423
1.99447, 0.0518172, 0.100887, 0.600838, 1.16982
2.00447, 0.0522075, 0.101243, 0.605364, 1.17395
2.01447, 0.0525175, 0.101588, 0.608958, 1.17795
2.02447, 0.0526863, 0.102065, 0.610916, 1.18348
2.03447, 0.0527166, 0.102715, 0.611267, 1.19102
2.04447, 0.0526732, 0.103454, 0.610764, 1.19958
2.05447, 0.0526398, 0.104147, 0.610376, 1.20762
2.06447, 0.0526746, 0.104728, 0.610781, 1.21436
2.07447, 0.052799, 0.105241, 0.612223, 1.22031
2.08447, 0.0530103, 0.105777, 0.614673, 1.22652
2.09447, 0.0532939, 0.106362, 0.617961, 1.23331
2.10447, 0.053623, 0.10692, 0.621777, 1.23977
2.11447, 0.0539587, 0.107327, 0.62567, 1.24449
2.12447, 0.054269, 0.10754, 0.629268, 1.24696
2.13447, 0.0545555, 0.107661, 0.63259, 1.24837
2.14447, 0.0548574, 0.107888, 0.636091, 1.251
2.15447, 0.0552178, 0.108378, 0.640269, 1.25668
2.16447, 0.0556341, 0.109148, 0.645097, 1.26561
2.17447, 0.0560411, 0.110086, 0.649816, 1.27648
2.18447, 0.0563491, 0.111041, 0.653387, 1.28756
2.19447, 0.0565105, 0.111928, 0.655258, 1.29785
2.20447, 0.0565576, 0.112735, 0.655805, 1.3072
2.21447, 0.0565783, 0.11347, 0.656045, 1.31573
2.22447, 0.0566506, 0.114107, 0.656884, 1.32312
2.23447, 0.056795, 0.114596, 0.658558, 1.32877
2.24447, 0.0569831, 0.114927, 0.660739, 1.33262
2.25447, 0.0571899, 0.115192, 0.663137, 1.33569
2.26447, 0.0574365, 0.115558, 0.665997, 1.33993
2.27447, 0.0577821, 0.116176, 0.670004, 1.3471
2.28447, 0.0582707, 0.117084, 0.675669, 1.35763
2.29447, 0.0588798, 0.118165, 0.682731, 1.37016
2.30447, 0.0595152, 0.119209, 0.690099, 1.38227
2.31447, 0.0600576, 0.120018, 0.696389, 1.39165
2.32447, 0.0604268, 0.120508, 0.70067, 1.39733
2.33447, 0.0606206, 0.120747, 0.702917, 1.4001
2.34447, 0.0607108, 0.120919, 0.703963, 1.4021
2.35447, 0.0608064, 0.121241, 0.705072, 1.40583
2.36447, 0.0610106, 0.121864, 0.707439, 1.41305
2.37447, 0.0613892, 0.122812, 0.711829, 1.42405
2.38447, 0.0619562, 0.123978, 0.718404, 1.43757
2.39447, 0.0626728, 0.125189, 0.726713, 1.45161
2.40447, 0.0634595, 0.126309, 0.735835, 1.4646
2.41447, 0.0642197, 0.127319, 0.74465, 1.4763
2.42447, 0.0648706, 0.128308, 0.752197, 1.48778
2.43447, 0.0653686, 0.129391, 0.757971, 1.50033
2.44447, 0.0657199, 0.130583, 0.762045, 1.51415
2.45447, 0.0659724, 0.131749, 0.764973, 1.52767
2.46447, 0.0661922, 0.13267, 0.767522, 1.53835
2.47447, 0.066435, 0.13319, 0.770337, 1.54439
2.48447, 0.0667197, 0.133337, 0.773638, 1.54609
2.49447, 0.0670185, 0.133318, 0.777103, 1.54587
2.50447, 0.067273, 0.133403, 0.780054, 1.54685
2.51447, 0.0674387, 0.133769, 0.781975, 1.5511
2.52447, 0.0675356, 0.134443, 0.783099, 1.55891
2.53447, 0.0676694, 0.13534, 0.78465, 1.56931
2.54447, 0.0679917, 0.136375, 0.788387, 1.58132
2.55447, 0.0686102, 0.137516, 0.79556, 1.59455
2.56447, 0.0695007, 0.138764, 0.805885, 1.60902
2.57447, 0.0704874, 0.140092, 0.817326, 1.62442
2.58447, 0.0713221, 0.141415, 0.827004, 1.63976
2.59447, 0.071823, 0.142627, 0.832813, 1.65381
2.60447, 0.0719897, 0.143668, 0.834746, 1.66588
2.61447, 0.0720144, 0.144559, 0.835032, 1.67621
2.62447, 0.0721792, 0.145371, 0.836943, 1.68563
2.63447, 0.0726988, 0.146162, 0.842968, 1.6948
2.64447, 0.0736049, 0.146939, 0.853475, 1.70381
2.65447, 0.0747388, 0.147681, 0.866623, 1.71241
2.66447, 0.0758484, 0.148406, 0.879489, 1.72081
2.67447, 0.076726, 0.149201, 0.889665, 1.73004
2.68447, 0.0773064, 0.150194, 0.896394, 1.74156
2.69447, 0.0776795, 0.151462, 0.90072, 1.75625
2.70447, 0.078025, 0.15295, 0.904727, 1.77351
2.71447, 0.078515, 0.154486, 0.910409, 1.79132
2.72447, 0.0792358, 0.155875, 0.918767, 1.80743
2.73447, 0.0801592, 0.157025, 0.929474, 1.82076
2.74447, 0.0811661, 0.157995, 0.941149, 1.83201
2.75447, 0.0821026, 0.158944, 0.952008, 1.84302
2.76447, 0.0828449, 0.160015, 0.960615, 1.85543
2.77447, 0.0833434, 0.161245, 0.966395, 1.8697
2.78447, 0.0836321, 0.162576, 0.969743, 1.88512
2.79447, 0.0838022, 0.163917, 0.971716, 1.90068
2.80447, 0.0839579, 0.165219, 0.973521, 1.91577
2.81447, 0.0841798, 0.166476, 0.976094, 1.93035
2.82447, 0.0845103, 0.167696, 0.979926, 1.94449
2.83447, 0.0849573, 0.168864, 0.98511, 1.95804
2.84447, 0.0855021, 0.169957, 0.991426, 1.97071
2.85447, 0.0861037, 0.170978, 0.998402, 1.98254
2.86447, 0.0867063, 0.171983, 1.00539, 1.99421
2.87447, 0.0872575, 0.17307, 1.01178, 2.0068
2.88447, 0.0877352, 0.174322, 1.01732, 2.02133
2.89447, 0.0881653, 0.175779, 1.02231, 2.03821
2.90447, 0.0886156, 0.177411, 1.02753, 2.05714
2.91447, 0.0891667, 0.17914, 1.03392, 2.07719
2.92447, 0.0898768, 0.180863, 1.04215, 2.09717
2.93447, 0.0907584, 0.182483, 1.05238, 2.11596
2.94447, 0.0917702, 0.183951, 1.06411, 2.13297
2.95447, 0.0928196, 0.185282, 1.07628, 2.1484
2.96447, 0.0937771, 0.18655, 1.08738, 2.16311
2.97447, 0.0945067, 0.187836, 1.09584, 2.17802
2.98447, 0.0949141, 0.189156, 1.10056, 2.19333
2.99447, 0.0949914, 0.190425, 1.10146, 2.20805
3.00447, 0.0948289, 0.191488, 1.09957, 2.22037
3.01447, 0.0945804, 0.192216, 1.09669, 2.22882
3.02447, 0.0943989, 0.192606, 1.09459, 2.23333
3.03447, 0.0943832, 0.192814, 1.09441, 2.23574
3.04447, 0.094564, 0.193098, 1.0965, 2.23904
3.05447, 0.0949272, 0.193701, 1.10071, 2.24604
3.06447, 0.0954472, 0.194739, 1.10674, 2.25807
3.07447, 0.0961042, 0.196157, 1.11436, 2.27451
3.08447, 0.0968814, 0.197767, 1.12337, 2.29318
3.09447, 0.0977546, 0.199331, 1.1335, 2.31131
3.10447, 0.0986828, 0.200644, 1.14426, 2.32653
3.11447, 0.0996048, 0.201587, 1.15495, 2.33747
3.12447, 0.100438, 0.202137, 1.16461, 2.34384
3.13447, 0.101084, 0.202355, 1.1721, 2.34637
3.14447, 0.101456, 0.202357, 1.17642, 2.3464
3.15447, 0.101516, 0.202285, 1.17711, 2.34557
3.16447, 0.101312, 0.202272, 1.17475, 2.34542
3.17447, 0.100979, 0.202426, 1.17088, 2.3472
3.18447, 0.100698, 0.20282, 1.16763, 2.35177
3.19447, 0.100623, 0.203492, 1.16675, 2.35956
3.20447, 0.10081, 0.204447, 1.16892, 2.37063
3.21447, 0.101206, 0.205642, 1.17352, 2.38449
3.22447, 0.101692, 0.206978, 1.17916, 2.39999
3.23447, 0.102166, 0.2083, 1.18465, 2.41532
3.24447, 0.102602, 0.209429, 1.18971, 2.4284
3.25447, 0.103058, 0.210214, 1.19499, 2.4375
3.26447, 0.103605, 0.21058, 1.20134, 2.44174
3.27447, 0.10425, 0.21054, 1.20882, 2.44128
3.28447, 0.104888, 0.210163, 1.21621, 2.43692
3.29447, 0.10534, 0.209527, 1.22145, 2.42954
3.30447, 0.10546, 0.208682, 1.22284, 2.41974
3.31447, 0.105226, 0.207666, 1.22013, 2.40796
3.32447, 0.104773, 0.206549, 1.21488, 2.39501
3.33447, 0.104332, 0.205466, 1.20976, 2.38244
3.34447, 0.104115, 0.204605, 1.20725, 2.37247
3.35447, 0.104214, 0.204156, 1.2084, 2.36726
3.36447, 0.104562, 0.204219, 1.21243, 2.368
3.37447, 0.104971, 0.204764, 1.21717, 2.37431
3.38447, 0.105227, 0.205621, 1.22015, 2.38425
3.39447, 0.105182, 0.206539, 1.21962, 2.39489
3.40447, 0.104807, 0.207254, 1.21528, 2.40319
3.41447, 0.104198, 0.207557, 1.20822, 2.4067
3.42447, 0.103519, 0.20734, 1.20034, 2.40418
3.43447, 0.102928, 0.20663, 1.19348, 2.39594
3.44447, 0.102517, 0.205587, 1.18872, 2.38386
3.45447, 0.102294, 0.204467, 1.18614, 2.37086
3.46447, 0.102204, 0.203528, 1.1851, 2.35997
3.47447, 0.102169, 0.202934, 1.18469, 2.35309
3.48447, 0.102122, 0.202692, 1.18414, 2.35028
3.49447, 0.102017, 0.202673, 1.18293, 2.35006
3.50447, 0.101832, 0.202702, 1.18078, 2.3504
3.51447, 0.101564, 0.202654, 1.17767, 2.34985
3.52447, 0.10123, 0.202497, 1.1738, 2.34802
3.53447, 0.100866, 0.202251, 1.16958, 2.34517
3.54447, 0.100515, 0.201925, 1.16551, 2.3414
3.55447, 0.10021, 0.201486, 1.16197, 2.3363
3.56447, 0.0999635, 0.200873, 1.15911, 2.32919
3.57447, 0.099776, 0.200049, 1.15694, 2.31964
3.58447, 0.099645, 0.199028, 1.15542, 2.3078
3.59447, 0.0995702, 0.197855, 1.15455, 2.2942
3.60447, 0.0995403, 0.196571, 1.1542, 2.27931
3.61447, 0.099512, 0.195193, 1.15388, 2.26334
3.62447, 0.0994054, 0.193745, 1.15264, 2.24654
3.63447, 0.099128, 0.192292, 1.14942, 2.22969
3.64447, 0.0986242, 0.190955, 1.14358, 2.21419
3.65447, 0.0979178, 0.189878, 1.13539, 2.2017
3.66447, 0.0971178, 0.189157, 1.12611, 2.19334
3.67447, 0.0963751, 0.188781, 1.1175, 2.18898
3.68447, 0.0958093, 0.188628, 1.11094, 2.1872
3.69447, 0.0954458, 0.188506, 1.10673, 2.18579
3.70447, 0.0951975, 0.188231, 1.10385, 2.1826
3.71447, 0.0949014, 0.187689, 1.10041, 2.17632
3.72447, 0.0943893, 0.186866, 1.09448, 2.16677
3.73447, 0.0935608, 0.185841, 1.08487, 2.15489
3.74447, 0.0924244, 0.184762, 1.07169, 2.14239
3.75447, 0.0910984, 0.183803, 1.05632, 2.13126
3.76447, 0.0897715, 0.183116, 1.04093, 2.12329
3.77447, 0.0886413, 0.18278, 1.02783, 2.1194
3.78447, 0.0878498, 0.18276, 1.01865, 2.11916
3.79447, 0.0874401, 0.182892, 1.0139, 2.12069
3.80447, 0.0873507, 0.182934, 1.01286, 2.12119
3.81447, 0.087453, 0.182657, 1.01405, 2.11797
3.82447, 0.0876116, 0.181934, 1.01589, 2.10959
3.83447, 0.0877354, 0.180792, 1.01732, 2.09634
3.84447, 0.0877915, 0.179371, 1.01797, 2.07987
3.85447, 0.0877771, 0.177843, 1.01781, 2.06216
3.86447, 0.0876768, 0.176331, 1.01664, 2.04462
3.87447, 0.0874423, 0.174871, 1.01392, 2.02769
3.88447, 0.0870128, 0.173445, 1.00894, 2.01115
3.89447, 0.0863625, 0.17202, 1.0014, 1.99463
3.90447, 0.0855385, 0.170574, 0.991849, 1.97786
3.91447, 0.0846574, 0.169094, 0.981632, 1.9607
3.92447, 0.0838573, 0.167566, 0.972354, 1.94299
3.93447, 0.0832327, 0.165984, 0.965112, 1.92464
3.94447, 0.0827921, 0.164383, 0.960003, 1.90608
3.95447, 0.08246, 0.162859, 0.956152, 1.88841
3.96447, 0.082124, 0.161556, 0.952256, 1.87329
3.97447, 0.0816994, 0.160596, 0.947332, 1.86217
3.98447, 0.0811784, 0.160014, 0.941292, 1.85542
3.99447, 0.080638, 0.159714, 0.935026, 1.85194
4.00447, 0.080201, 0.159497, 0.929958, 1.84943
4.01447, 0.079967, 0.15915, 0.927245, 1.84539
4.02447, 0.0799507, 0.15854, 0.927056, 1.83833
4.03447, 0.0800621, 0.157687, 0.928348, 1.82843
4.04447, 0.0801441, 0.156749, 0.929299, 1.81755
4.05447, 0.08005, 0.155945, 0.928207, 1.80824
4.06447, 0.0797146, 0.155443, 0.924319, 1.80242
4.07447, 0.0791777, 0.155267, 0.918093, 1.80038
4.08447, 0.078546, 0.15528, 0.910768, 1.80052
4.09447, 0.0779241, 0.155247, 0.903557, 1.80014
4.10447, 0.0773621, 0.154953, 0.89704, 1.79674
4.11447, 0.0768504, 0.154307, 0.891108, 1.78924
4.12447, 0.0763559, 0.153376, 0.885373, 1.77845
4.13447, 0.0758623, 0.15235, 0.87965, 1.76655
4.14447, 0.0753833, 0.151438, 0.874096, 1.75598
4.15447, 0.0749408, 0.150774, 0.868965, 1.74828
4.16447, 0.0745356, 0.150363, 0.864266, 1.74351
4.17447, 0.074141, 0.150091, 0.859691, 1.74036
4.18447, 0.0737298, 0.149789, 0.854923, 1.73686
4.19447, 0.0733131, 0.149307, 0.850091, 1.73127
4.20447, 0.0729574, 0.148583, 0.845967, 1.72287
4.21447, 0.072759, 0.147669, 0.843666, 1.71227
4.22447, 0.0727837, 0.146718, 0.843953, 1.70124
4.23447, 0.0730107, 0.145919, 0.846584, 1.69198
4.24447, 0.0733173, 0.145408, 0.85014, 1.68605
4.25447, 0.0735238, 0.145186, 0.852534, 1.68348
4.26447, 0.0734763, 0.145103, 0.851984, 1.68251
4.27447, 0.0731248, 0.144909, 0.847908, 1.68027
4.28447, 0.0725498, 0.14438, 0.84124, 1.67414
4.29447, 0.0719241, 0.143426, 0.833985, 1.66308
4.30447, 0.0714298, 0.142142, 0.828253, 1.64818
4.31447, 0.0711741, 0.140757, 0.825289, 1.63213
4.32447, 0.0711458, 0.139532, 0.82496, 1.61792
4.33447, 0.071227, 0.138649, 0.825901, 1.60768
4.34447, 0.0712491, 0.138163, 0.826158, 1.60205
4.35447, 0.0710652, 0.138014, 0.824026, 1.60032
4.36447, 0.0706073, 0.138076, 0.818716, 1.60104
4.37447, 0.0699096, 0.138215, 0.810626, 1.60266
4.38447, 0.0690905, 0.138326, 0.801128, 1.60394
4.39447, 0.0683038, 0.138345, 0.792007, 1.60416
4.40447, 0.0676822, 0.138243, 0.784799, 1.60297
4.41447, 0.0672994, 0.13801, 0.78036, 1.60028
4.42447, 0.0671637, 0.137643, 0.778786, 1.59602
4.43447, 0.0672358, 0.137152, 0.779622, 1.59032
4.44447, 0.0674505, 0.136583, 0.782112, 1.58372
4.45447, 0.067728, 0.136031, 0.78533, 1.57732
4.46447, 0.0679791, 0.135616, 0.788241, 1.57252
4.47447, 0.0681171, 0.135423, 0.789841, 1.57028
4.48447, 0.0680844, 0.135432, 0.789462, 1.57038
4.49447, 0.0678778, 0.135509, 0.787066, 1.57127
4.50447, 0.0675508, 0.135465, 0.783275, 1.57076
4.51447, 0.0671851, 0.135168, 0.779034, 1.56732
4.52447, 0.0668481, 0.134625, 0.775127, 1.56102
4.53447, 0.0665676, 0.133981, 0.771875, 1.55356
4.54447, 0.0663378, 0.133437, 0.769209, 1.54725
4.55447, 0.0661464, 0.133127, 0.766991, 1.54365
4.56447, 0.0659955, 0.133051, 0.765241, 1.54277
4.57447, 0.065899, 0.133082, 0.764121, 1.54313
4.58447, 0.0658655, 0.133051, 0.763734, 1.54277
4.59447, 0.0658866, 0.132842, 0.763978, 1.54035
4.60447, 0.0659409, 0.13245, 0.764608, 1.5358
4.61447, 0.0660093, 0.131969, 0.765401, 1.53023
4.62447, 0.0660837, 0.131541, 0.766264, 1.52526
4.63447, 0.0661631, 0.131278, 0.767184, 1.52221
4.64447, 0.066242, 0.13122, 0.768099, 1.52154
4.65447, 0.0663045, 0.131329, 0.768824, 1.52281
4.66447, 0.0663289, 0.13152, 0.769106, 1.52502
4.67447, 0.0662973, 0.131703, 0.76874, 1.52714
4.68447, 0.0662042, 0.131818, 0.767661, 1.52848
4.69447, 0.066059, 0.13185, 0.765977, 1.52885
4.70447, 0.0658849, 0.131806, 0.763959, 1.52834
4.71447, 0.0657152, 0.131704, 0.761991, 1.52716
4.72447, 0.0655865, 0.131555, 0.760499, 1.52542
4.73447, 0.0655297, 0.131369, 0.759839, 1.52327
4.74447, 0.065561, 0.131173, 0.760202, 1.521
4.75447, 0.0656786, 0.131014, 0.761566, 1.51916
4.76447, 0.0658634, 0.130952, 0.763709, 1.51843
4.77447, 0.0660804, 0.131029, 0.766226, 1.51932
4.78447, 0.0662794, 0.131247, 0.768533, 1.52185
4.79447, 0.0663999, 0.131556, 0.76993, 1.52544
4.80447, 0.0663898, 0.13187, 0.769813, 1.52908
4.81447, 0.0662363, 0.132106, 0.768033, 1.53181
4.82447, 0.0659903, 0.132218, 0.76518, 1.53312
4.83447, 0.0657607, 0.132221, 0.762518, 1.53315
4.84447, 0.0656675, 0.132174, 0.761438, 1.5326
4.85447, 0.0657766, 0.132151, 0.762702, 1.53234
4.86447, 0.0660572, 0.132211, 0.765956, 1.53304
4.87447, 0.0663966, 0.132383, 0.769892, 1.53503
4.88447, 0.0666666, 0.132673, 0.773022, 1.5384
4.89447, 0.0667999, 0.13308, 0.774568, 1.54311
4.90447, 0.0668267, 0.133592, 0.774879, 1.54905
4.91447, 0.0668463, 0.134182, 0.775106, 1.55589
4.92447, 0.0669559, 0.134797, 0.776377, 1.56302
4.93447, 0.0671847, 0.135373, 0.77903, 1.5697
4.94447, 0.0674774, 0.135861, 0.782424, 1.57535
4.95447, 0.0677328, 0.13625, 0.785385, 1.57986
4.96447, 0.0678716, 0.136567, 0.786995, 1.58354
4.97447, 0.067886, 0.136846, 0.787162, 1.58678
4.98447, 0.0678425, 0.137099, 0.786657, 1.58971
4.99447, 0.0678372, 0.137301, 0.786596, 1.59206
5.00447, 0.0679375, 0.137422, 0.787759, 1.59346
5.01447, 0.0681475, 0.137455, 0.790194, 1.59384
5.02447, 0.0684197, 0.137438, 0.79335, 1.59364
5.03447, 0.0687014, 0.137441, 0.796616, 1.59368
5.04447, 0.0689806, 0.137536, 0.799854, 1.59478
5.05447, 0.0692952, 0.137763, 0.803502, 1.59741
5.06447, 0.0696974, 0.138133, 0.808166, 1.6017
5.07447, 0.0701981, 0.138639, 0.813971, 1.60756
5.08447, 0.0707333, 0.139255, 0.820178, 1.61471
5.09447, 0.0711818, 0.139926, 0.825378, 1.62249
5.10447, 0.0714253, 0.140551, 0.828201, 1.62974
5.11447, 0.0714167, 0.141005, 0.828102, 1.635
5.12447, 0.0712133, 0.141204, 0.825744, 1.63731
5.13447, 0.070954, 0.141186, 0.822736, 1.6371
5.14447, 0.0707936, 0.141129, 0.820877, 1.63644
5.15447, 0.0708316, 0.141291, 0.821317, 1.63832
5.16447, 0.0710719, 0.141876, 0.824103, 1.6451
5.17447, 0.0714334, 0.142907, 0.828295, 1.65706
5.18447, 0.0718026, 0.1442, 0.832576, 1.67204
5.19447, 0.0720967, 0.145436, 0.835987, 1.68638
5.20447, 0.0723038, 0.14631, 0.838388, 1.69651
5.21447, 0.0724781, 0.146656, 0.840409, 1.70053
5.22447, 0.0726976, 0.146508, 0.842954, 1.69881
5.23447, 0.0730102, 0.146071, 0.846579, 1.69375
5.24447, 0.073401, 0.145638, 0.85111, 1.68873
5.25447, 0.0737991, 0.145482, 0.855726, 1.68692
5.26447, 0.0741186, 0.145771, 0.859431, 1.69027
5.27447, 0.0743081, 0.14652, 0.861629, 1.69895
5.28447, 0.0743815, 0.147602, 0.86248, 1.7115
5.29447, 0.0744161, 0.1488, 0.86288, 1.72539
5.30447, 0.0745208, 0.149883, 0.864094, 1.73794
5.31447, 0.0747919, 0.150676, 0.867238, 1.74714
5.32447, 0.0752748, 0.151108, 0.872837, 1.75215
5.33447, 0.0759458, 0.151222, 0.880618, 1.75347
5.34447, 0.0767171, 0.151158, 0.889562, 1.75273
5.35447, 0.0774616, 0.151105, 0.898194, 1.75212
5.36447, 0.0780504, 0.151235, 0.905022, 1.75362
5.37447, 0.0783947, 0.151634, 0.909013, 1.75825
5.38447, 0.0784798, 0.152283, 0.91, 1.76577
5.39447, 0.0783797, 0.153088, 0.90884, 1.77511
5.40447, 0.078238, 0.153943, 0.907196, 1.78502
5.41447, 0.0782141, 0.154792, 0.90692, 1.79486
5.42447, 0.0784127, 0.15563, 0.909223, 1.80458
5.43447, 0.078829, 0.156472, 0.91405, 1.81434
5.44447, 0.0793447, 0.157306, 0.92003, 1.82402
5.45447, 0.0797841, 0.158093, 0.925124, 1.83315
5.46447, 0.0800032, 0.158799, 0.927665, 1.84133
5.47447, 0.079963, 0.159429, 0.927199, 1.84864
5.48447, 0.079743, 0.160024, 0.924648, 1.85554
5.49447, 0.0794918, 0.160611, 0.921735, 1.86234
5.50447, 0.0793501, 0.161164, 0.920092, 1.86876
5.51447, 0.079394, 0.161621, 0.920601, 1.87405
5.52447, 0.079626, 0.161954, 0.923292, 1.87791
5.53447, 0.0800047, 0.162241, 0.927682, 1.88125
5.54447, 0.0804797, 0.162661, 0.93319, 1.88611
5.55447, 0.0810096, 0.163391, 0.939335, 1.89457
5.56447, 0.0815605, 0.16448, 0.945722, 1.9072
5.57447, 0.0821027, 0.165781, 0.95201, 1.92229
5.58447, 0.0826181, 0.167015, 0.957985, 1.93659
5.59447, 0.0831105, 0.167915, 0.963695, 1.94704
5.60447, 0.0836034, 0.16838, 0.96941, 1.95242
5.61447, 0.0841179, 0.16851, 0.975376, 1.95393
5.62447, 0.0846465, 0.168532, 0.981506, 1.95418
5.63447, 0.0851464, 0.168654, 0.987302, 1.9556
5.64447, 0.0855632, 0.168961, 0.992135, 1.95916
5.65447, 0.0858688, 0.169395, 0.995678, 1.9642
5.66447, 0.0860837, 0.169836, 0.99817, 1.96931
5.67447, 0.0862635, 0.170202, 1.00026, 1.97355
5.68447, 0.0864591, 0.170521, 1.00252, 1.97725
5.69447, 0.0866804, 0.170926, 1.00509, 1.98195
5.70447, 0.0868912, 0.17158, 1.00753, 1.98953
5.71447, 0.0870389, 0.172577, 1.00925, 2.0011
5.72447, 0.0870953, 0.173872, 1.0099, 2.01611
5.73447, 0.0870814, 0.175277, 1.00974, 2.0324
5.74447, 0.0870582, 0.176528, 1.00947, 2.0469
5.75447, 0.0870932, 0.177383, 1.00988, 2.05681
5.76447, 0.087224, 0.17771, 1.01139, 2.06061
5.77447, 0.0874418, 0.177525, 1.01392, 2.05846
5.78447, 0.087704, 0.176968, 1.01696, 2.05201
5.79447, 0.0879633, 0.176263, 1.01996, 2.04383
5.80447, 0.0881928, 0.175655, 1.02263, 2.03678
5.81447, 0.0883903, 0.175367, 1.02492, 2.03344
5.82447, 0.0885622, 0.175551, 1.02691, 2.03558
5.83447, 0.0887038, 0.176244, 1.02855, 2.04361
5.84447, 0.0887972, 0.177346, 1.02963, 2.05639
5.85447, 0.0888284, 0.178642, 1.03, 2.07142
5.86447, 0.0888085, 0.179865, 1.02977, 2.0856
5.87447, 0.0887755, 0.180785, 1.02938, 2.09627
5.88447, 0.0887728, 0.18128, 1.02935, 2.102
5.89447, 0.0888222, 0.181349, 1.02992, 2.10281
5.90447, 0.088918, 0.181086, 1.03103, 2.09975
5.91447, 0.0890471, 0.180617, 1.03253, 2.09432
5.92447, 0.0892169, 0.180073, 1.0345, 2.08801
5.93447, 0.0894588, 0.179582, 1.03731, 2.08231
5.94447, 0.0898002, 0.179278, 1.04126, 2.07879
5.95447, 0.0902285, 0.179297, 1.04623, 2.07901
5.96447, 0.0906813, 0.179733, 1.05148, 2.08406
5.97447, 0.0910776, 0.180589, 1.05608, 2.09399
5.98447, 0.0913688, 0.181754, 1.05945, 2.1075
5.99447, 0.0915686, 0.18303, 1.06177, 2.12229
6.00447, 0.0917398, 0.184196, 1.06375, 2.13581
6.01447, 0.0919471, 0.185085, 1.06616, 2.14613
6.02447, 0.0922121, 0.185627, 1.06923, 2.1524
6.03447, 0.0924987, 0.185837, 1.07255, 2.15485
6.04447, 0.0927352, 0.185782, 1.0753, 2.15421
6.05447, 0.0928561, 0.185526, 1.0767, 2.15124
6.06447, 0.0928379, 0.185116, 1.07649, 2.14649
6.07447, 0.0927161, 0.184586, 1.07508, 2.14034
6.08447, 0.0925758, 0.183987, 1.07345, 2.13339
6.09447, 0.0925183, 0.183411, 1.07278, 2.12672
6.10447, 0.092613, 0.182986, 1.07388, 2.12179
6.11447, 0.0928546, 0.182826, 1.07668, 2.11994
6.12447, 0.0931482, 0.182972, 1.08009, 2.12162
6.13447, 0.0933424, 0.183341, 1.08234, 2.1259
6.14447, 0.0932999, 0.183745, 1.08184, 2.13059
6.15447, 0.0929711, 0.183968, 1.07803, 2.13318
6.16447, 0.092425, 0.183878, 1.0717, 2.13213
6.17447, 0.0918168, 0.183508, 1.06465, 2.12784
6.18447, 0.0913084, 0.183051, 1.05875, 2.12254
6.19447, 0.0909915, 0.182756, 1.05508, 2.11912
6.20447, 0.0908583, 0.18278, 1.05353, 2.1194
6.21447, 0.0908304, 0.18309, 1.05321, 2.12299
6.22447, 0.0908189, 0.183467, 1.05308, 2.12736
6.23447, 0.0907734, 0.18363, 1.05255, 2.12926
6.24447, 0.0906959, 0.183393, 1.05165, 2.1265
6.25447, 0.0906224, 0.182759, 1.0508, 2.11916
6.26447, 0.0905955, 0.181915, 1.05049, 2.10937
6.27447, 0.0906429, 0.181118, 1.05104, 2.10013
