0.164472, 13.4797, 40.5517, 25.357, 76.2827
0.174472, 11.8946, 33.8659, 22.3752, 63.7059
0.184472, 11.1432, 28.1278, 20.9617, 52.9118
0.194472, 10.8155, 23.7171, 20.3453, 44.6148
0.204472, 10.5189, 20.6121, 19.7873, 38.7738
0.214472, 10.0017, 18.4902, 18.8143, 34.7823
0.224472, 9.20793, 16.9288, 17.3212, 31.8452
0.234472, 8.25285, 15.5938, 15.5246, 29.3339
0.244472, 7.33259, 14.3231, 13.7935, 26.9436
0.254472, 6.61237, 13.0922, 12.4387, 24.628
0.264472, 6.14662, 11.9253, 11.5626, 22.4329
0.274472, 5.86759, 10.8325, 11.0377, 20.3772
0.284472, 5.64004, 9.80529, 10.6096, 18.445
0.294472, 5.34282, 8.84673, 10.0505, 16.6418
0.304472, 4.9283, 7.98823, 9.27075, 15.0268
0.314472, 4.43138, 7.27316, 8.33597, 13.6817
0.324472, 3.93309, 6.72351, 7.39863, 12.6477
0.334472, 3.50845, 6.32087, 6.59983, 11.8903
0.344472, 3.1897, 6.01584, 6.00022, 11.3165
0.354472, 2.96057, 5.75414, 5.56919, 10.8242
0.364472, 2.77697, 5.49791, 5.22382, 10.3422
0.374472, 2.59689, 5.23128, 4.88507, 9.84069
0.384472, 2.40136, 4.95484, 4.51726, 9.32067
0.394472, 2.19766, 4.67918, 4.13408, 8.80211
0.404472, 2.00768, 4.42102, 3.77669, 8.31649
0.414472, 1.85222, 4.19805, 3.48426, 7.89705
0.424472, 1.74154, 4.01892, 3.27604, 7.56008
0.434472, 1.67481, 3.87302, 3.15052, 7.28563
0.444472, 1.64449, 3.72975, 3.0935, 7.01612
0.454472, 1.63932, 3.55273, 3.08377, 6.68313
0.464472, 1.64446, 3.32276, 3.09343, 6.25051
0.474472, 1.64214, 3.05384, 3.08907, 5.74465
0.484472, 1.61623, 2.78931, 3.04033, 5.24704
0.494472, 1.55939, 2.57804, 2.93341, 4.84961
0.504472, 1.47737, 2.44578, 2.77911, 4.60082
0.514472, 1.38596, 2.38079, 2.60716, 4.47855
0.524472, 1.30199, 2.34299, 2.4492, 4.40745
0.534472, 1.23457, 2.28959, 2.32238, 4.307
0.544472, 1.18272, 2.199, 2.22485, 4.13659
0.554472, 1.13985, 2.07822, 2.14419, 3.90938
0.564472, 1.10055, 1.95176, 2.07026, 3.67149
0.574472, 1.06409, 1.84302, 2.00169, 3.46694
0.584472, 1.03262, 1.76153, 1.94248, 3.31365
0.594472, 1.00656, 1.70228, 1.89347, 3.2022
0.604472, 0.981883, 1.65353, 1.84704, 3.1105
0.614472, 0.951507, 1.60504, 1.7899, 3.01928
0.624472, 0.910012, 1.55169, 1.71184, 2.91892
0.634472, 0.857951, 1.49288, 1.61391, 2.80828
0.644472, 0.802487, 1.4309, 1.50958, 2.6917
0.654472, 0.75362, 1.37019, 1.41765, 2.57749
0.664472, 0.718383, 1.3164, 1.35137, 2.47632
0.674472, 0.696844, 1.27414, 1.31085, 2.39681
0.684472, 0.682551, 1.24368, 1.28396, 2.33951
0.694472, 0.666992, 1.21964, 1.25469, 2.29429
0.704472, 0.645005, 1.19346, 1.21333, 2.24505
0.714472, 0.617584, 1.15888, 1.16175, 2.18
0.724472, 0.590572, 1.11669, 1.11094, 2.10063
0.734472, 0.57052, 1.07507, 1.07322, 2.02233
0.744472, 0.560585, 1.04486, 1.05453, 1.96552
0.754472, 0.558853, 1.0328, 1.05127, 1.94282
0.764472, 0.559647, 1.0371, 1.05277, 1.95091
0.774472, 0.556678, 1.04831, 1.04718, 1.97201
0.784472, 0.546229, 1.05452, 1.02752, 1.98369
0.794472, 0.52884, 1.0475, 0.994813, 1.97048
0.804472, 0.508816, 1.02623, 0.957145, 1.93047
0.814472, 0.491889, 0.996134, 0.925303, 1.87385
0.824472, 0.482255, 0.965176, 0.90718, 1.81561
0.834472, 0.480514, 0.939407, 0.903907, 1.76714
0.844472, 0.48359, 0.920376, 0.909692, 1.73134
0.854472, 0.486511, 0.905446, 0.915187, 1.70325
0.864472, 0.484913, 0.890337, 0.912182, 1.67483
0.874472, 0.476844, 0.872192, 0.897002, 1.6407
0.884472, 0.463122, 0.85139, 0.87119, 1.60157
0.894472, 0.446481, 0.831208, 0.839886, 1.5636
0.904472, 0.430206, 0.815755, 0.809271, 1.53453
0.914472, 0.41691, 0.80754, 0.78426, 1.51908
0.924472, 0.40774, 0.806138, 0.76701, 1.51644
0.934472, 0.402135, 0.80853, 0.756465, 1.52095
0.944472, 0.398217, 0.810634, 0.749094, 1.5249
0.954472, 0.393749, 0.808972, 0.74069, 1.52178
0.964472, 0.387265, 0.801701, 0.728493, 1.5081
0.974472, 0.378762, 0.788871, 0.712498, 1.48396
0.984472, 0.369573, 0.772166, 0.695213, 1.45254
0.994472, 0.361552, 0.754314, 0.680124, 1.41896
1.00447, 0.356138, 0.738197, 0.669939, 1.38864
1.01447, 0.3538, 0.725755, 0.665541, 1.36523
1.02447, 0.353976, 0.717187, 0.665873, 1.34912
1.03447, 0.355312, 0.711005, 0.668385, 1.33749
1.04447, 0.356027, 0.705025, 0.66973, 1.32624
1.05447, 0.35445, 0.697679, 0.666765, 1.31242
1.06447, 0.349735, 0.688719, 0.657895, 1.29556
1.07447, 0.342466, 0.67886, 0.644221, 1.27702
1.08447, 0.334659, 0.66881, 0.629536, 1.25811
1.09447, 0.328875, 0.658585, 0.618654, 1.23888
1.10447, 0.326826, 0.64772, 0.614801, 1.21844
1.11447, 0.328385, 0.636089, 0.617733, 1.19656
1.12447, 0.331708, 0.62455, 0.623983, 1.17485
1.13447, 0.334392, 0.614775, 0.629033, 1.15647
1.14447, 0.334805, 0.608357, 0.62981, 1.14439
1.15447, 0.332639, 0.605838, 0.625735, 1.13966
1.16447, 0.328478, 0.60633, 0.617907, 1.14058
1.17447, 0.322962, 0.607879, 0.607532, 1.14349
1.18447, 0.316351, 0.608277, 0.595094, 1.14424
1.19447, 0.308753, 0.605884, 0.580802, 1.13974
1.20447, 0.30064, 0.600182, 0.565542, 1.12902
1.21447, 0.293025, 0.592003, 0.551216, 1.11363
1.22447, 0.287096, 0.583346, 0.540063, 1.09735
1.23447, 0.283626, 0.576722, 0.533536, 1.08488
1.24447, 0.282599, 0.574098, 0.531603, 1.07995
1.25447, 0.283255, 0.575882, 0.532837, 1.0833
1.26447, 0.284425, 0.580549, 0.535039, 1.09208
1.27447, 0.284942, 0.585289, 0.536011, 1.101
1.28447, 0.284016, 0.587414, 0.53427, 1.105
1.29447, 0.281535, 0.585697, 0.529602, 1.10177
1.30447, 0.278119, 0.58081, 0.523175, 1.09257
1.31447, 0.274797, 0.574633, 0.516927, 1.08096
1.32447, 0.272381, 0.568983, 0.512381, 1.07033
1.33447, 0.27093, 0.564637, 0.509653, 1.06215
1.34447, 0.269759, 0.561198, 0.507451, 1.05568
1.35447, 0.26802, 0.557683, 0.504178, 1.04907
1.36447, 0.265415, 0.553256, 0.499278, 1.04074
1.37447, 0.262462, 0.547622, 0.493723, 1.03014
1.38447, 0.260093, 0.540979, 0.489268, 1.01765
1.39447, 0.258972, 0.533805, 0.487159, 1.00415
1.40447, 0.259069, 0.526717, 0.487341, 0.990819
1.41447, 0.259779, 0.520411, 0.488677, 0.978957
1.42447, 0.260384, 0.515521, 0.489815, 0.969758
1.43447, 0.260431, 0.51231, 0.489903, 0.963719
1.44447, 0.259798, 0.510374, 0.488712, 0.960077
1.45447, 0.258527, 0.508642, 0.48632, 0.956818
1.46447, 0.256656, 0.505843, 0.482801, 0.951552
1.47447, 0.254207, 0.501226, 0.478195, 0.942868
1.48447, 0.251275, 0.495078, 0.472679, 0.931303
1.49447, 0.248102, 0.48865, 0.466711, 0.919211
1.50447, 0.245049, 0.483492, 0.460967, 0.909508
1.51447, 0.24247, 0.480602, 0.456116, 0.904071
1.52447, 0.240582, 0.47993, 0.452564, 0.902807
1.53447, 0.239398, 0.480524, 0.450336, 0.903925
1.54447, 0.238776, 0.481184, 0.449167, 0.905166
1.55447, 0.238542, 0.481168, 0.448728, 0.905137
1.56447, 0.23858, 0.480543, 0.448799, 0.90396
1.57447, 0.238807, 0.479997, 0.449226, 0.902933
1.58447, 0.239065, 0.480301, 0.44971, 0.903505
1.59447, 0.239068, 0.481727, 0.449716, 0.906189
1.60447, 0.238548, 0.483774, 0.448739, 0.910039
1.61447, 0.23753, 0.485353, 0.446823, 0.913009
1.62447, 0.236488, 0.485381, 0.444862, 0.913062
1.63447, 0.236151, 0.483455, 0.444229, 0.909438
1.64447, 0.236988, 0.480196, 0.445804, 0.903307
1.65447, 0.238736, 0.476995, 0.449092, 0.897286
1.66447, 0.240369, 0.475271, 0.452164, 0.894043
1.67447, 0.240641, 0.475678, 0.452675, 0.894809
1.68447, 0.238865, 0.477781, 0.449335, 0.898764
1.69447, 0.23542, 0.480363, 0.442853, 0.903622
1.70447, 0.231619, 0.482134, 0.435704, 0.906953
1.71447, 0.229057, 0.482351, 0.430885, 0.907361
1.72447, 0.228824, 0.481031, 0.430445, 0.904878
1.73447, 0.231033, 0.478754, 0.434601, 0.900596
1.74447, 0.234857, 0.476281, 0.441794, 0.895943
1.75447, 0.238933, 0.474223, 0.449463, 0.892071
1.76447, 0.241906, 0.47287, 0.455056, 0.889527
1.77447, 0.242872, 0.472185, 0.456873, 0.888239
1.78447, 0.241637, 0.471935, 0.454549, 0.887767
1.79447, 0.238746, 0.471913, 0.44911, 0.887726
1.80447, 0.235288, 0.47213, 0.442606, 0.888135
1.81447, 0.232515, 0.472803, 0.43739, 0.8894
1.82447, 0.231387, 0.474111, 0.435268, 0.891862
1.83447, 0.232227, 0.475907, 0.436847, 0.895239
1.84447, 0.234626, 0.477641, 0.44136, 0.898501
1.85447, 0.237646, 0.478662, 0.447041, 0.900421
1.86447, 0.240196, 0.478665, 0.451838, 0.900428
1.87447, 0.241439, 0.477934, 0.454177, 0.899053
1.88447, 0.241083, 0.477122, 0.453506, 0.897524
1.89447, 0.239464, 0.476733, 0.450462, 0.896794
1.90447, 0.237407, 0.476749, 0.446592, 0.896824
1.91447, 0.235868, 0.476717, 0.443698, 0.896763
1.92447, 0.235509, 0.476235, 0.443022, 0.895856
1.93447, 0.236406, 0.475411, 0.444708, 0.894307
1.94447, 0.238093, 0.474873, 0.447883, 0.893294
1.95447, 0.239936, 0.475308, 0.451348, 0.894114
1.96447, 0.241571, 0.476917, 0.454425, 0.897139
1.97447, 0.243106, 0.479232, 0.457311, 0.901495
1.98447, 0.244903, 0.481476, 0.460693, 0.905715
1.99447, 0.247168, 0.48315, 0.464953, 0.908865
2.00447, 0.249671, 0.484405, 0.469663, 0.911226
2.01447, 0.25186, 0.485877, 0.473779, 0.913994
2.02447, 0.253224, 0.488145, 0.476346, 0.918261
2.03447, 0.253629, 0.49125, 0.477108, 0.924102
2.04447, 0.253347, 0.494656, 0.476576, 0.930509
2.05447, 0.252843, 0.497689, 0.475628, 0.936213
2.06447, 0.252536, 0.50007, 0.475051, 0.940694
2.07447, 0.252692, 0.502107, 0.475345, 0.944526
2.08447, 0.253437, 0.504358, 0.476747, 0.94876
2.09447, 0.254766, 0.507079, 0.479246, 0.953878
2.10447, 0.256502, 0.509945, 0.482512, 0.959269
2.11447, 0.258317, 0.512317, 0.485926, 0.963731
2.12447, 0.259881, 0.513853, 0.488869, 0.96662
2.13447, 0.261084, 0.51492, 0.491131, 0.968627
2.14447, 0.262123, 0.516426, 0.493086, 0.97146
2.15447, 0.263342, 0.519181, 0.495379, 0.976643
2.16447, 0.264924, 0.523308, 0.498354, 0.984407
2.17447, 0.266706, 0.528181, 0.501706, 0.993574
2.18447, 0.268294, 0.532904, 0.504694, 1.00246
2.19447, 0.269384, 0.536893, 0.506744, 1.00996
2.20447, 0.270006, 0.540105, 0.507914, 1.016
2.21447, 0.270484, 0.542815, 0.508814, 1.0211
2.22447, 0.271163, 0.545246, 0.510092, 1.02567
2.23447, 0.272156, 0.547432, 0.511958, 1.02979
2.24447, 0.273332, 0.549398, 0.51417, 1.03348
2.25447, 0.274541, 0.551398, 0.516446, 1.03725
2.26447, 0.275842, 0.553918, 0.518892, 1.04199
2.27447, 0.277508, 0.557386, 0.522027, 1.04851
2.28447, 0.279813, 0.561822, 0.526362, 1.05686
2.29447, 0.282748, 0.566729, 0.531884, 1.06609
2.30447, 0.285926, 0.571316, 0.537862, 1.07472
2.31447, 0.288736, 0.574908, 0.543148, 1.08147
2.32447, 0.290652, 0.577273, 0.546753, 1.08592
2.33447, 0.291505, 0.57872, 0.548356, 1.08864
2.34447, 0.291563, 0.579943, 0.548465, 1.09094
2.35447, 0.291424, 0.58175, 0.548205, 1.09434
2.36447, 0.29178, 0.584752, 0.548874, 1.09999
2.37447, 0.293161, 0.589131, 0.551471, 1.10823
2.38447, 0.295751, 0.594563, 0.556344, 1.11845
2.39447, 0.299334, 0.600395, 0.563084, 1.12942
2.40447, 0.30339, 0.606023, 0.570713, 1.14
2.41447, 0.307304, 0.611266, 0.578077, 1.14987
2.42447, 0.310607, 0.616446, 0.58429, 1.15961
2.43447, 0.313108, 0.62205, 0.588994, 1.17015
2.44447, 0.314892, 0.628171, 0.592351, 1.18167
2.45447, 0.316206, 0.634186, 0.594823, 1.19298
2.46447, 0.317318, 0.638992, 0.596914, 1.20202
2.47447, 0.318421, 0.641703, 0.598989, 1.20712
2.48447, 0.319583, 0.642297, 0.601175, 1.20824
2.49447, 0.320732, 0.641706, 0.603337, 1.20713
2.50447, 0.321698, 0.641283, 0.605154, 1.20633
2.51447, 0.32234, 0.64206, 0.606361, 1.20779
2.52447, 0.322734, 0.644341, 0.607102, 1.21209
2.53447, 0.323295, 0.647858, 0.608158, 1.2187
2.54447, 0.32467, 0.652227, 0.610744, 1.22692
2.55447, 0.327384, 0.657279, 0.61585, 1.23642
2.56447, 0.331428, 0.66303, 0.623456, 1.24724
2.57447, 0.336095, 0.669418, 0.632236, 1.25926
2.58447, 0.340269, 0.676116, 0.640088, 1.27186
2.59447, 0.343045, 0.682607, 0.64531, 1.28407
2.60447, 0.344305, 0.688428, 0.647679, 1.29502
2.61447, 0.344842, 0.693363, 0.64869, 1.3043
2.62447, 0.345925, 0.697453, 0.650728, 1.312
2.63447, 0.348549, 0.700854, 0.655664, 1.31839
2.64447, 0.352856, 0.703731, 0.663766, 1.32381
2.65447, 0.358086, 0.706302, 0.673603, 1.32864
2.66447, 0.363056, 0.708971, 0.682952, 1.33366
2.67447, 0.36685, 0.71237, 0.69009, 1.34006
2.68447, 0.369278, 0.717147, 0.694658, 1.34904
2.69447, 0.370878, 0.723569, 0.697667, 1.36112
2.70447, 0.372524, 0.731218, 0.700763, 1.37551
2.71447, 0.374942, 0.739092, 0.705313, 1.39032
2.72447, 0.378403, 0.746126, 0.711822, 1.40356
2.73447, 0.382689, 0.751819, 0.719884, 1.41426
2.74447, 0.387278, 0.756491, 0.728518, 1.42305
2.75447, 0.39159, 0.760985, 0.736629, 1.43151
2.76447, 0.395177, 0.766048, 0.743377, 1.44103
2.77447, 0.397843, 0.771883, 0.748392, 1.45201
2.78447, 0.399663, 0.778182, 0.751816, 1.46386
2.79447, 0.400929, 0.784513, 0.754197, 1.47577
2.80447, 0.402033, 0.790673, 0.756274, 1.48735
2.81447, 0.403342, 0.796709, 0.758737, 1.49871
2.82447, 0.405094, 0.802698, 0.762032, 1.50997
2.83447, 0.407349, 0.808569, 0.766273, 1.52102
2.84447, 0.409988, 0.814151, 0.771237, 1.53152
2.85447, 0.412761, 0.819384, 0.776454, 1.54136
2.86447, 0.415389, 0.824447, 0.781397, 1.55089
2.87447, 0.417699, 0.829676, 0.785743, 1.56072
2.88447, 0.419735, 0.835395, 0.789574, 1.57148
2.89447, 0.421763, 0.841783, 0.793388, 1.5835
2.90447, 0.424148, 0.848876, 0.797874, 1.59684
2.91447, 0.427188, 0.856605, 0.803592, 1.61138
2.92447, 0.431001, 0.864787, 0.810766, 1.62677
2.93447, 0.435516, 0.873113, 0.819259, 1.64243
2.94447, 0.440503, 0.881204, 0.82864, 1.65765
2.95447, 0.445578, 0.888773, 0.838188, 1.67189
2.96447, 0.450188, 0.895743, 0.846859, 1.685
2.97447, 0.453677, 0.902203, 0.853422, 1.69715
2.98447, 0.455512, 0.908179, 0.856875, 1.7084
2.99447, 0.455586, 0.913437, 0.857013, 1.71829
3.00447, 0.454375, 0.917521, 0.854736, 1.72597
3.01447, 0.452803, 0.920091, 0.851779, 1.7308
3.02447, 0.451841, 0.921333, 0.849968, 1.73314
3.03447, 0.45209, 0.922133, 0.850437, 1.73465
3.04447, 0.453606, 0.923813, 0.853289, 1.73781
3.05447, 0.456033, 0.927541, 0.857855, 1.74482
3.06447, 0.458932, 0.933755, 0.863307, 1.75651
3.07447, 0.462061, 0.941932, 0.869194, 1.77189
3.08447, 0.465467, 0.95083, 0.875601, 1.78863
3.09447, 0.469348, 0.959029, 0.882902, 1.80405
3.10447, 0.473806, 0.965478, 0.891287, 1.81618
3.11447, 0.478624, 0.969765, 0.900351, 1.82425
3.12447, 0.483212, 0.972073, 0.90898, 1.82859
3.13447, 0.486763, 0.972931, 0.915661, 1.8302
3.14447, 0.488594, 0.972956, 0.919106, 1.83025
3.15447, 0.488495, 0.972705, 0.918919, 1.82978
3.16447, 0.486903, 0.972645, 0.915924, 1.82967
3.17447, 0.484788, 0.973168, 0.911947, 1.83065
3.18447, 0.483273, 0.97459, 0.909096, 1.83332
3.19447, 0.483173, 0.977123, 0.908908, 1.83809
3.20447, 0.484694, 0.980808, 0.91177, 1.84502
3.21447, 0.487426, 0.985472, 0.916908, 1.85379
3.22447, 0.490632, 0.990714, 0.922939, 1.86366
3.23447, 0.493674, 0.995958, 0.928661, 1.87352
3.24447, 0.496322, 1.00056, 0.933643, 1.88218
3.25447, 0.498783, 1.00398, 0.938272, 1.88861
3.26447, 0.501408, 1.0059, 0.94321, 1.89223
3.27447, 0.504286, 1.00628, 0.948624, 1.89294
3.28447, 0.506998, 1.00529, 0.953726, 1.89107
3.29447, 0.508738, 1.00314, 0.956998, 1.88703
3.30447, 0.508758, 1.00005, 0.957035, 1.88121
3.31447, 0.506884, 0.996195, 0.953511, 1.87396
3.32447, 0.50375, 0.9919, 0.947615, 1.86589
3.33447, 0.500586, 0.987717, 0.941664, 1.85802
3.34447, 0.498659, 0.984409, 0.938039, 1.85179
3.35447, 0.498668, 0.982736, 0.938055, 1.84865
3.36447, 0.500414, 0.98315, 0.941341, 1.84943
3.37447, 0.502921, 0.985562, 0.946055, 1.85396
3.38447, 0.504905, 0.989336, 0.949788, 1.86106
3.39447, 0.505373, 0.99347, 0.950669, 1.86884
3.40447, 0.504026, 0.996881, 0.948136, 1.87526
3.41447, 0.501305, 0.998659, 0.943016, 1.8786
3.42447, 0.498083, 0.998254, 0.936955, 1.87784
3.43447, 0.495213, 0.995629, 0.931557, 1.8729
3.44447, 0.493174, 0.991326, 0.927721, 1.86481
3.45447, 0.491972, 0.986373, 0.925461, 1.85549
3.46447, 0.491285, 0.981962, 0.924167, 1.84719
3.47447, 0.490699, 0.978972, 0.923065, 1.84157
3.48447, 0.4899, 0.977607, 0.921562, 1.839
3.49447, 0.488745, 0.977378, 0.91939, 1.83857
3.50447, 0.487253, 0.977456, 0.916582, 1.83871
3.51447, 0.485557, 0.977141, 0.913392, 1.83812
3.52447, 0.483844, 0.976114, 0.910169, 1.83619
3.53447, 0.482275, 0.974355, 0.907219, 1.83288
3.54447, 0.480913, 0.971884, 0.904656, 1.82823
3.55447, 0.479694, 0.968619, 0.902364, 1.82209
3.56447, 0.478492, 0.964474, 0.900103, 1.81429
3.57447, 0.477221, 0.959548, 0.897712, 1.80503
3.58447, 0.475921, 0.954164, 0.895266, 1.7949
3.59447, 0.474737, 0.948668, 0.893038, 1.78456
3.60447, 0.473802, 0.943156, 0.89128, 1.77419
3.61447, 0.473103, 0.937407, 0.889965, 1.76338
3.62447, 0.472419, 0.931134, 0.888678, 1.75158
3.63447, 0.471397, 0.924362, 0.886755, 1.73884
3.64447, 0.46973, 0.917636, 0.88362, 1.72619
3.65447, 0.467344, 0.911829, 0.879132, 1.71526
3.66447, 0.464485, 0.907678, 0.873754, 1.70745
3.67447, 0.461636, 0.905332, 0.868394, 1.70304
3.68447, 0.459282, 0.904226, 0.863967, 1.70096
3.69447, 0.457637, 0.903347, 0.860872, 1.69931
3.70447, 0.456467, 0.90171, 0.858671, 1.69623
3.71447, 0.455137, 0.898757, 0.856169, 1.69067
3.72447, 0.452869, 0.89451, 0.851902, 1.68268
3.73447, 0.449106, 0.889464, 0.844823, 1.67319
3.74447, 0.443799, 0.884369, 0.834841, 1.66361
3.75447, 0.43749, 0.880016, 0.822973, 1.65542
3.76447, 0.431135, 0.877053, 0.811018, 1.64984
3.77447, 0.425757, 0.875796, 0.800901, 1.64748
3.78447, 0.422076, 0.876045, 0.793976, 1.64795
3.79447, 0.420267, 0.877022, 0.790574, 1.64979
3.80447, 0.41996, 0.877545, 0.789996, 1.65077
3.81447, 0.42046, 0.876464, 0.790937, 1.64874
3.82447, 0.421078, 0.87313, 0.7921, 1.64247
3.83447, 0.421384, 0.867642, 0.792676, 1.63214
3.84447, 0.421259, 0.86069, 0.79244, 1.61906
3.85447, 0.420752, 0.853118, 0.791486, 1.60482
3.86447, 0.419878, 0.845508, 0.789843, 1.59051
3.87447, 0.418512, 0.838036, 0.787273, 1.57645
3.88447, 0.416459, 0.830628, 0.78341, 1.56251
3.89447, 0.413637, 0.823208, 0.778101, 1.54856
3.90447, 0.410213, 0.815812, 0.771662, 1.53464
3.91447, 0.406589, 0.808508, 0.764845, 1.5209
3.92447, 0.403219, 0.801279, 0.758504, 1.5073
3.93447, 0.400383, 0.79404, 0.753169, 1.49369
3.94447, 0.398056, 0.7868, 0.748792, 1.48007
3.95447, 0.395945, 0.779838, 0.74482, 1.46697
3.96447, 0.393678, 0.773689, 0.740556, 1.4554
3.97447, 0.391053, 0.768899, 0.735619, 1.44639
3.98447, 0.388206, 0.765693, 0.730264, 1.44036
3.99447, 0.385597, 0.76377, 0.725354, 1.43675
4.00447, 0.383801, 0.762385, 0.721977, 1.43414
4.01447, 0.383195, 0.760671, 0.720837, 1.43092
4.02447, 0.383687, 0.758057, 0.721762, 1.426
4.03447, 0.384677, 0.754528, 0.723625, 1.41936
4.04447, 0.385294, 0.750617, 0.724785, 1.412
4.05447, 0.384797, 0.74711, 0.723851, 1.40541
4.06447, 0.382929, 0.744611, 0.720337, 1.4007
4.07447, 0.379996, 0.743188, 0.714818, 1.39803
4.08447, 0.376641, 0.742296, 0.708507, 1.39635
4.09447, 0.373472, 0.741022, 0.702547, 1.39395
4.10447, 0.370776, 0.738544, 0.697475, 1.38929
4.11447, 0.368483, 0.734564, 0.693162, 1.38181
4.12447, 0.36636, 0.729494, 0.689168, 1.37227
4.13447, 0.364237, 0.724279, 0.685175, 1.36246
4.14447, 0.3621, 0.719965, 0.681154, 1.35434
4.15447, 0.360006, 0.717209, 0.677216, 1.34916
4.16447, 0.357956, 0.715983, 0.67336, 1.34685
4.17447, 0.355855, 0.715594, 0.669406, 1.34612
4.18447, 0.353635, 0.71501, 0.665232, 1.34502
4.19447, 0.351435, 0.713326, 0.661092, 1.34185
4.20447, 0.349641, 0.710171, 0.657718, 1.33592
4.21447, 0.348729, 0.705885, 0.656002, 1.32786
4.22447, 0.348944, 0.701387, 0.656406, 1.3194
4.23447, 0.350046, 0.697776, 0.65848, 1.3126
4.24447, 0.351319, 0.6958, 0.660875, 1.30889
4.25447, 0.351869, 0.695446, 0.661909, 1.30822
4.26447, 0.351076, 0.695849, 0.660418, 1.30898
4.27447, 0.348925, 0.695644, 0.656372, 1.30859
4.28447, 0.346015, 0.693602, 0.650897, 1.30475
4.29447, 0.343247, 0.689223, 0.645691, 1.29651
4.30447, 0.341383, 0.682972, 0.642184, 1.28475
4.31447, 0.340704, 0.676027, 0.640905, 1.27169
4.32447, 0.340931, 0.66973, 0.641334, 1.25984
4.33447, 0.341403, 0.665061, 0.642221, 1.25106
4.34447, 0.341361, 0.662382, 0.642142, 1.24602
4.35447, 0.340231, 0.66148, 0.640016, 1.24433
4.36447, 0.337807, 0.661781, 0.635456, 1.24489
4.37447, 0.334315, 0.662591, 0.628887, 1.24641
4.38447, 0.330344, 0.663286, 0.621418, 1.24772
4.39447, 0.326653, 0.663446, 0.614474, 1.24802
4.40447, 0.323906, 0.662892, 0.609308, 1.24698
4.41447, 0.322456, 0.661638, 0.606579, 1.24462
4.42447, 0.322258, 0.659782, 0.606207, 1.24113
4.43447, 0.322965, 0.657454, 0.607536, 1.23675
4.44447, 0.324092, 0.654856, 0.609656, 1.23187
4.45447, 0.325174, 0.652356, 0.611691, 1.22716
4.46447, 0.325843, 0.650449, 0.612952, 1.22357
4.47447, 0.325869, 0.649536, 0.613, 1.22186
4.48447, 0.325193, 0.64961, 0.611728, 1.222
4.49447, 0.323964, 0.650126, 0.609415, 1.22297
4.50447, 0.322498, 0.65022, 0.606658, 1.22314
4.51447, 0.321153, 0.649196, 0.604129, 1.22122
4.52447, 0.320161, 0.646965, 0.602261, 1.21702
4.53447, 0.319538, 0.644107, 0.601089, 1.21164
4.54447, 0.319142, 0.641503, 0.600346, 1.20675
4.55447, 0.318813, 0.639784, 0.599726, 1.20351
4.56447, 0.31848, 0.638967, 0.5991, 1.20198
4.57447, 0.318171, 0.638507, 0.598518, 1.20111
4.58447, 0.317939, 0.637696, 0.598082, 1.19958
4.59447, 0.317796, 0.636123, 0.597813, 1.19663
4.60447, 0.31771, 0.633904, 0.597651, 1.19245
4.61447, 0.317646, 0.631578, 0.597531, 1.18808
4.62447, 0.317592, 0.629779, 0.59743, 1.18469
4.63447, 0.317545, 0.628908, 0.597342, 1.18305
4.64447, 0.317483, 0.628968, 0.597225, 1.18317
4.65447, 0.317358, 0.629637, 0.59699, 1.18442
4.66447, 0.317115, 0.630469, 0.596533, 1.18599
4.67447, 0.316719, 0.631118, 0.595787, 1.18721
4.68447, 0.316159, 0.631445, 0.594734, 1.18782
4.69447, 0.315456, 0.631497, 0.593411, 1.18792
4.70447, 0.314677, 0.631385, 0.591946, 1.18771
4.71447, 0.313954, 0.631168, 0.590587, 1.1873
4.72447, 0.313475, 0.630818, 0.589684, 1.18665
4.73447, 0.313418, 0.63029, 0.589578, 1.18565
4.74447, 0.313881, 0.629627, 0.590448, 1.18441
4.75447, 0.314825, 0.629021, 0.592225, 1.18327
4.76447, 0.316088, 0.628748, 0.594601, 1.18275
4.77447, 0.31742, 0.629028, 0.597107, 1.18328
4.78447, 0.318529, 0.629875, 0.599193, 1.18487
4.79447, 0.319125, 0.631058, 0.600313, 1.1871
4.80447, 0.319, 0.632191, 0.600077, 1.18923
4.81447, 0.318153, 0.632916, 0.598484, 1.19059
4.82447, 0.316882, 0.633087, 0.596095, 1.19091
4.83447, 0.31574, 0.632833, 0.593946, 1.19044
4.84447, 0.3153, 0.632485, 0.593118, 1.18978
4.85447, 0.315849, 0.632404, 0.59415, 1.18963
4.86447, 0.317201, 0.632834, 0.596694, 1.19044
4.87447, 0.318793, 0.633848, 0.599689, 1.19235
4.88447, 0.320026, 0.635397, 0.602009, 1.19526
4.89447, 0.320626, 0.637397, 0.603138, 1.19902
4.90447, 0.320779, 0.639752, 0.603424, 1.20345
4.91447, 0.32095, 0.64233, 0.603746, 1.2083
4.92447, 0.321532, 0.644938, 0.604842, 1.21321
4.93447, 0.322577, 0.647372, 0.606807, 1.21779
4.94447, 0.323784, 0.649516, 0.609077, 1.22182
4.95447, 0.324736, 0.651404, 0.610868, 1.22537
4.96447, 0.325194, 0.65316, 0.61173, 1.22867
4.97447, 0.32525, 0.654859, 0.611834, 1.23187
4.98447, 0.325247, 0.656406, 0.611829, 1.23478
4.99447, 0.325551, 0.657568, 0.612401, 1.23697
5.00447, 0.326323, 0.658137, 0.613853, 1.23804
5.01447, 0.327451, 0.658123, 0.615976, 1.23801
5.02447, 0.328667, 0.657813, 0.618263, 1.23743
5.03447, 0.329765, 0.657648, 0.620329, 1.23712
5.04447, 0.330769, 0.658015, 0.622217, 1.23781
5.05447, 0.33192, 0.659105, 0.624383, 1.23986
5.06447, 0.333495, 0.660922, 0.627346, 1.24328
5.07447, 0.33556, 0.663373, 0.63123, 1.24789
5.08447, 0.337843, 0.666316, 0.635524, 1.25342
5.09447, 0.339819, 0.669495, 0.639242, 1.2594
5.10447, 0.340979, 0.672449, 0.641424, 1.26496
5.11447, 0.341116, 0.674603, 0.641681, 1.26901
5.12447, 0.340464, 0.675578, 0.640454, 1.27085
5.13447, 0.339604, 0.675575, 0.638837, 1.27084
5.14447, 0.339186, 0.675493, 0.638051, 1.27068
5.15447, 0.33962, 0.676592, 0.638868, 1.27275
5.16447, 0.340899, 0.679826, 0.641272, 1.27884
5.17447, 0.342641, 0.685241, 0.64455, 1.28902
5.18447, 0.344327, 0.691858, 0.647722, 1.30147
5.19447, 0.345589, 0.698097, 0.650096, 1.31321
5.20447, 0.346399, 0.702504, 0.651619, 1.3215
5.21447, 0.347049, 0.704348, 0.652842, 1.32496
5.22447, 0.347949, 0.703836, 0.654534, 1.324
5.23447, 0.349357, 0.701924, 0.657183, 1.32041
5.24447, 0.351218, 0.699907, 0.660685, 1.31661
5.25447, 0.353192, 0.698976, 0.664397, 1.31486
5.26447, 0.354839, 0.699879, 0.667496, 1.31656
5.27447, 0.355864, 0.702752, 0.669424, 1.32196
5.28447, 0.356276, 0.707142, 0.670198, 1.33022
5.29447, 0.356396, 0.712208, 0.670425, 1.33975
5.30447, 0.356738, 0.717004, 0.671069, 1.34877
5.31447, 0.357811, 0.720777, 0.673086, 1.35587
5.32447, 0.359929, 0.72317, 0.677071, 1.36037
5.33447, 0.363093, 0.724308, 0.683022, 1.36251
5.34447, 0.36696, 0.724733, 0.690297, 1.36331
5.35447, 0.370925, 0.725208, 0.697756, 1.3642
5.36447, 0.374287, 0.726404, 0.70408, 1.36646
5.37447, 0.376476, 0.728634, 0.708198, 1.37065
5.38447, 0.377278, 0.731758, 0.709707, 1.37653
5.39447, 0.376956, 0.73536, 0.7091, 1.3833
5.40447, 0.376189, 0.739059, 0.707658, 1.39026
5.41447, 0.375814, 0.742752, 0.706952, 1.39721
5.42447, 0.376442, 0.746589, 0.708134, 1.40443
5.43447, 0.378161, 0.750731, 0.711367, 1.41222
5.44447, 0.380475, 0.755104, 0.71572, 1.42044
5.45447, 0.382564, 0.759377, 0.71965, 1.42848
5.46447, 0.383707, 0.763169, 0.721799, 1.43562
5.47447, 0.383641, 0.766294, 0.721677, 1.44149
5.48447, 0.382659, 0.768815, 0.719829, 1.44623
5.49447, 0.381407, 0.770891, 0.717473, 1.45014
5.50447, 0.380551, 0.772591, 0.715863, 1.45334
5.51447, 0.380516, 0.773916, 0.715798, 1.45583
5.52447, 0.381406, 0.775027, 0.717471, 1.45792
5.53447, 0.383091, 0.776476, 0.720641, 1.46065
5.54447, 0.385348, 0.779112, 0.724886, 1.4656
5.55447, 0.387953, 0.783627, 0.729788, 1.4741
5.56447, 0.390716, 0.790001, 0.734984, 1.48609
5.57447, 0.393483, 0.797283, 0.740191, 1.49979
5.58447, 0.396154, 0.803938, 0.745215, 1.51231
5.59447, 0.398685, 0.808595, 0.749975, 1.52107
5.60447, 0.401065, 0.810728, 0.754453, 1.52508
5.61447, 0.403277, 0.810859, 0.758614, 1.52533
5.62447, 0.405259, 0.810173, 0.762343, 1.52403
5.63447, 0.406933, 0.809847, 0.765491, 1.52342
5.64447, 0.408269, 0.810508, 0.768004, 1.52467
5.65447, 0.40935, 0.812098, 0.770037, 1.52766
5.66447, 0.410352, 0.814156, 0.771923, 1.53153
5.67447, 0.41145, 0.816264, 0.773987, 1.53549
5.68447, 0.412692, 0.818387, 0.776325, 1.53949
5.69447, 0.413959, 0.820918, 0.778707, 1.54425
5.70447, 0.415027, 0.824427, 0.780716, 1.55085
5.71447, 0.415722, 0.829269, 0.782024, 1.55996
5.72447, 0.416058, 0.835266, 0.782657, 1.57124
5.73447, 0.416271, 0.841649, 0.783057, 1.58325
5.74447, 0.416712, 0.8473, 0.783886, 1.59388
5.75447, 0.417659, 0.851172, 0.785668, 1.60116
5.76447, 0.419154, 0.852683, 0.78848, 1.604
5.77447, 0.420961, 0.851895, 0.791879, 1.60252
5.78447, 0.422693, 0.849453, 0.795137, 1.59793
5.79447, 0.424018, 0.846366, 0.797631, 1.59212
5.80447, 0.424832, 0.843734, 0.799162, 1.58717
5.81447, 0.425268, 0.842524, 0.799981, 1.58489
5.82447, 0.425557, 0.843375, 0.800524, 1.58649
5.83447, 0.425849, 0.846443, 0.801074, 1.59226
5.84447, 0.426131, 0.851316, 0.801605, 1.60143
5.85447, 0.426297, 0.857085, 0.801916, 1.61228
5.86447, 0.426286, 0.862585, 0.801897, 1.62263
5.87447, 0.426174, 0.866764, 0.801685, 1.63049
5.88447, 0.42613, 0.869002, 0.801602, 1.6347
5.89447, 0.426324, 0.869247, 0.801969, 1.63516
5.90447, 0.426869, 0.867907, 0.802994, 1.63264
5.91447, 0.427841, 0.865606, 0.804822, 1.62831
5.92447, 0.429316, 0.862977, 0.807597, 1.62337
5.93447, 0.431332, 0.860598, 0.811389, 1.61889
5.94447, 0.433776, 0.859053, 0.815985, 1.61598
5.95447, 0.436312, 0.858958, 0.820756, 1.61581
5.96447, 0.438471, 0.860852, 0.824818, 1.61937
5.97447, 0.439878, 0.864947, 0.827465, 1.62707
5.98447, 0.440472, 0.870889, 0.828583, 1.63825
5.99447, 0.440548, 0.877739, 0.828725, 1.65113
6.00447, 0.440577, 0.88423, 0.82878, 1.66335
6.01447, 0.440939, 0.88922, 0.829461, 1.67273
6.02447, 0.441728, 0.892078, 0.830944, 1.67811
6.03447, 0.442743, 0.892805, 0.832853, 1.67948
6.04447, 0.443633, 0.891851, 0.834528, 1.67768
6.05447, 0.444092, 0.889769, 0.835393, 1.67377
6.06447, 0.444016, 0.886962, 0.835249, 1.66848
6.07447, 0.443575, 0.883671, 0.834418, 1.66229
6.08447, 0.443178, 0.880175, 0.833673, 1.65572
6.09447, 0.443318, 0.876995, 0.833935, 1.64974
6.10447, 0.444306, 0.874871, 0.835795, 1.64574
6.11447, 0.446042, 0.874457, 0.83906, 1.64496
6.12447, 0.447938, 0.875903, 0.842626, 1.64768
6.13447, 0.449128, 0.878604, 0.844865, 1.65276
6.14447, 0.448877, 0.881363, 0.844392, 1.65795
6.15447, 0.446975, 0.882928, 0.840815, 1.6609
6.16447, 0.443879, 0.882629, 0.83499, 1.66033
6.17447, 0.440488, 0.880743, 0.828612, 1.65679
6.18447, 0.437702, 0.878353, 0.823372, 1.65229
6.19447, 0.436013, 0.876749, 0.820194, 1.64927
6.20447, 0.435358, 0.876691, 0.818962, 1.64916
6.21447, 0.435288, 0.877972, 0.81883, 1.65157
6.22447, 0.435288, 0.879522, 0.81883, 1.65449
6.23447, 0.435065, 0.880015, 0.81841, 1.65542
6.24447, 0.434645, 0.878622, 0.81762, 1.6528
6.25447, 0.434298, 0.875453, 0.816969, 1.64683
6.26447, 0.434366, 0.871467, 0.817096, 1.63934
6.27447, 0.435083, 0.867927, 0.818444, 1.63268
