0.3, 0, 0, 0
0.5, 0, 0, 0
0.7, 0, 0, 0
0.9, 0, 0, 0
1.1, 0, 0, 0
1.3, 0, 0, 0
1.5, 0, 0, 0
1.7, 0, 0, 0
1.9, 0.00346868, 0.000751315, 0.00109537
2.1, 0.0397521, 0.0112697, 0.012169
2.3, 7.06281, 2.25301, 1.85174
2.5, 0.336088, 2.37904, 1.52259
2.7, 0.568124, 2.62754, 1.33493
2.9, 0.701287, 2.9814, 1.22244
3.1, 0.753791, 3.41604, 1.14667
3.3, 0.834507, 3.96131, 1.10229
3.5, 0.919467, 4.63711, 1.08154
3.7, 0.924966, 5.39688, 1.06546
3.9, 0.955198, 6.2686, 1.05676
4.1, 1.03095, 7.30841, 1.06041
4.3, 1.06443, 8.48929, 1.06774
4.5, 1.12867, 9.86063, 1.0821
4.7, 0.866019, 11.0085, 1.06031
4.9, 0.912024, 12.3223, 1.04738
5.1, 0.956957, 13.8157, 1.04151
5.3, 0.94884, 15.4149, 1.03541
5.5, 0.980746, 17.195, 1.03351
5.7, 0.977781, 19.1011, 1.03141
5.9, 0.979163, 21.1461, 1.02962
6.1, 0.98836, 23.3527, 1.02884
6.3, 0.99404, 25.7199, 1.0286
6.5, 0.992047, 28.2348, 1.02812
6.7, 0.980358, 30.8753, 1.02657
6.9, 0.983856, 33.6858, 1.02541
7.1, 0.989135, 36.6775, 1.02477
7.3, 0.993189, 39.8531, 1.02446
7.5, 0.997246, 43.2188, 1.02445
7.7, 1.00968, 46.8107, 1.02535
7.9, 0.996376, 50.5417, 1.02511
8.1, 0.993919, 54.4544, 1.02466
8.3, 1.00762, 58.6193, 1.02519
8.5, 0.991875, 62.919, 1.02453
8.7, 0.986252, 67.398, 1.0235
8.9, 0.989652, 72.1014, 1.02276
9.1, 0.995395, 77.0471, 1.02243
9.3, 0.989708, 82.1831, 1.02172
9.5, 0.998493, 87.59, 1.02161
9.7, 0.999697, 93.2337, 1.02155
9.9, 1.00213, 99.1268, 1.02161
10.1, 1.00537, 105.28, 1.02184
10.3, 0.994943, 111.613, 1.02142
10.5, 1.00153, 118.239, 1.02139
10.7, 0.994404, 125.069, 1.02094
10.9, 0.991051, 132.134, 1.02032
11.1, 0.992957, 139.475, 1.01983
11.3, 1.00443, 147.17, 1.01996
11.5, 1.00398, 155.137, 1.02005
11.7, 0.998373, 163.337, 1.01983
11.9, 1.00358, 171.864, 1.01987
12.1, 1.00288, 180.674, 1.01986
12.3, 1.00809, 189.825, 1.02009
12.5, 0.99999, 199.199, 1.0199
12.7, 0.994052, 208.819, 1.01944
12.9, 0.996464, 218.769, 1.0191
13.1, 1.00481, 229.115, 1.01915
13.3, 1.00425, 239.773, 1.01917
13.5, 1.00227, 250.733, 1.01909
13.7, 1.00092, 262.005, 1.01894
13.9, 0.996274, 273.554, 1.01859
14.1, 1.00501, 285.543, 1.01862
14.3, 0.995664, 297.759, 1.01826
14.5, 1.00643, 310.455, 1.01834
14.7, 1.00157, 323.441, 1.01822
14.9, 0.999354, 336.753, 1.01801
15.1, 0.995984, 350.378, 1.01767
15.3, 1.00066, 364.433, 1.01752
15.5, 0.994926, 378.775, 1.01715
15.7, 1.0006, 393.573, 1.01701
15.9, 0.999856, 408.739, 1.01685
16.1, 1.00356, 424.347, 1.01682
16.3, 1.00091, 440.303, 1.01669
16.5, 1.00121, 456.658, 1.01658
16.7, 0.99804, 473.359, 1.01635
16.9, 1.00024, 490.499, 1.0162
17.1, 1.00482, 508.129, 1.01621
17.3, 0.996452, 526.022, 1.01594
17.5, 1.00316, 544.455, 1.01589
17.7, 0.992583, 563.113, 1.01549
17.9, 1.00347, 582.405, 1.01547
18.1, 0.99942, 602.05, 1.01531
18.3, 0.997381, 622.091, 1.01508
18.5, 1.00277, 642.683, 1.01504
18.7, 0.999392, 663.651, 1.01488
18.9, 1.00303, 685.149, 1.01484
19.1, 0.999975, 707.037, 1.01471
19.3, 1.0015, 729.42, 1.01463
19.5, 1.00118, 752.262, 1.01453
19.7, 1.00236, 775.602, 1.01447
19.9, 0.999033, 799.34, 1.01431
20.1, 0.995654, 823.475, 1.01406
20.3, 0.996741, 848.12, 1.01384
20.5, 0.998141, 873.288, 1.01367
20.7, 1.00081, 899.018, 1.01358
20.9, 1.00306, 925.307, 1.01355
21.1, 1.00234, 952.082, 1.01351
21.3, 1.0014, 979.341, 1.01343
21.5, 1.0019, 1007.13, 1.01337
21.7, 0.999109, 1035.36, 1.01324
21.9, 0.994729, 1063.98, 1.01298
22.1, 0.999996, 1093.29, 1.01288
22.3, 0.9967, 1123.03, 1.01269
22.5, 1.00276, 1153.48, 1.01266
22.7, 0.998061, 1184.34, 1.01251
22.9, 0.998666, 1215.76, 1.01238
23.1, 0.997781, 1247.71, 1.01223
23.3, 1.0009, 1280.31, 1.01216
23.5, 1.00415, 1313.58, 1.01217
23.7, 1.00046, 1347.3, 1.01209
23.9, 0.996102, 1381.44, 1.0119
24.1, 0.997489, 1416.2, 1.01175
24.3, 0.999973, 1451.63, 1.01167
24.5, 0.998009, 1487.57, 1.01153
24.7, 0.99806, 1524.11, 1.0114
24.9, 1.00013, 1561.31, 1.01133
25.1, 0.996272, 1598.97, 1.01116
25.3, 0.999563, 1637.36, 1.01107
25.5, 1.00278, 1676.48, 1.01107
25.7, 1.00137, 1716.17, 1.01102
25.9, 0.997874, 1756.33, 1.0109
26.1, 0.999538, 1797.18, 1.01081
26.3, 1.00222, 1838.78, 1.01079
26.5, 1.00277, 1881.03, 1.01078
26.7, 0.995633, 1923.62, 1.01061
26.9, 1.00237, 1967.14, 1.0106
27.1, 0.999779, 2011.19, 1.01052
27.3, 0.99978, 2055.9, 1.01045
27.5, 1.00471, 2101.49, 1.01048
27.7, 1.0003, 2147.54, 1.01042
27.9, 1.00303, 2194.38, 1.01042
28.1, 0.997594, 2241.65, 1.0103
28.3, 1.00311, 2289.85, 1.01029
28.5, 0.999888, 2338.58, 1.01022
28.7, 1.00007, 2388, 1.01016
28.9, 0.997881, 2438.01, 1.01005
29.1, 1.0007, 2488.85, 1.01
29.3, 0.999512, 2540.34, 1.00992
29.5, 0.998692, 2592.49, 1.00984
29.7, 1.00015, 2645.42, 1.00978
29.9, 1.00013, 2699.07, 1.00972
30.1, 0.998944, 2753.37, 1.00964
30.3, 1.00212, 2808.57, 1.00962
30.5, 1.00066, 2864.42, 1.00957
30.7, 0.996765, 2920.79, 1.00945
30.9, 0.997671, 2977.95, 1.00935
31.1, 0.999439, 3035.95, 1.00928
31.3, 0.999195, 3094.68, 1.00921
31.5, 1.00076, 3154.26, 1.00917
31.7, 1.0004, 3214.58, 1.00913
31.9, 0.997803, 3275.5, 1.00903
32.1, 0.997217, 3337.15, 1.00893
32.3, 1.00047, 3399.78, 1.00889
32.5, 1.00031, 3463.17, 1.00884
32.7, 1.00018, 3527.34, 1.0088
32.9, 1.00136, 3592.38, 1.00877
33.1, 1.00165, 3658.22, 1.00876
33.3, 0.999668, 3724.73, 1.0087
33.5, 1.00086, 3792.12, 1.00867
33.7, 1.00055, 3860.3, 1.00863
33.9, 1.00348, 3929.5, 1.00864
34.1, 0.997981, 3999.12, 1.00856
34.3, 0.999125, 4069.65, 1.0085
34.5, 1.00233, 4141.23, 1.00849
34.7, 1.00003, 4213.48, 1.00845
34.9, 1.00182, 4286.69, 1.00843
35.1, 0.999878, 4360.6, 1.00838
35.3, 0.997325, 4435.17, 1.00829
35.5, 1.00105, 4510.86, 1.00827
35.7, 0.998964, 4587.25, 1.0082
35.9, 0.999657, 4664.56, 1.00815
36.1, 0.999212, 4742.69, 1.0081
36.3, 1.00203, 4821.91, 1.00809
36.5, 0.999117, 4901.77, 1.00803
36.7, 0.999188, 4982.52, 1.00798
36.9, 1.0022, 5064.4, 1.00797
37.1, 0.997561, 5146.78, 1.00789
37.3, 1.00056, 5230.3, 1.00786
37.5, 1.00086, 5314.75, 1.00783
37.7, 1.00007, 5400.04, 1.0078
37.9, 0.998809, 5486.12, 1.00774
38.1, 1.00097, 5573.3, 1.00771
38.3, 0.990763, 5660.5, 1.00753
38.5, 0.977871, 5747.47, 1.00715
38.7, 0.960694, 5833.79, 1.00651
38.9, 0.944136, 5919.52, 1.00563
39.1, 0.929403, 6004.77, 1.00454
39.3, 0.916281, 6089.68, 1.00327
39.5, 0.903817, 6174.29, 1.00183
39.7, 0.88551, 6258.03, 1.00015
39.9, 0.872525, 6341.37, 0.998308
40.1, 0.859039, 6424.25, 0.996299
40.3, 0.840826, 6506.19, 0.994058
40.5, 0.831665, 6588.04, 0.991725
40.7, 0.816095, 6669.15, 0.989207
40.9, 0.803749, 6749.82, 0.986557
41.1, 0.788844, 6829.77, 0.983741
41.3, 0.774984, 6909.08, 0.980777
41.5, 0.760445, 6987.66, 0.97766
41.7, 0.74928, 7065.84, 0.974441
41.9, 0.734414, 7143.2, 0.971071
42.1, 0.721569, 7219.93, 0.96758
42.3, 0.709678, 7296.12, 0.963987
42.5, 0.698226, 7371.79, 0.960299
42.7, 0.684609, 7446.69, 0.956488
42.9, 0.672794, 7520.98, 0.952583
43.1, 0.658845, 7594.41, 0.948555
43.3, 0.646413, 7667.13, 0.944429
43.5, 0.634806, 7739.2, 0.940218
43.7, 0.621442, 7810.41, 0.9359
43.9, 0.610395, 7880.99, 0.93151
44.1, 0.600151, 7951.02, 0.927059
44.3, 0.587509, 8020.2, 0.922517
44.5, 0.575752, 8088.61, 0.917897
44.7, 0.563782, 8156.2, 0.913199
44.9, 0.552356, 8223.01, 0.908431
45.1, 0.539922, 8288.9, 0.903582
45.3, 0.528199, 8353.94, 0.898663
45.5, 0.517717, 8418.25, 0.893691
45.7, 0.50951, 8482.09, 0.888699
45.9, 0.497029, 8544.92, 0.883629
46.1, 0.485882, 8606.88, 0.878502
46.3, 0.474345, 8667.89, 0.873314
46.5, 0.465355, 8728.26, 0.868098
46.7, 0.453233, 8787.57, 0.862816
46.9, 0.444066, 8846.17, 0.857506
47.1, 0.434297, 8903.98, 0.852161
47.3, 0.422999, 8960.76, 0.846763
47.5, 0.414296, 9016.85, 0.841345
47.7, 0.400668, 9071.55, 0.835846
47.9, 0.39212, 9125.53, 0.830332
48.1, 0.38148, 9178.48, 0.824776
48.3, 0.373104, 9230.71, 0.819207
48.5, 0.362679, 9281.89, 0.813601
48.7, 0.353874, 9332.25, 0.807978
48.9, 0.343931, 9381.6, 0.802325
49.1, 0.334363, 9429.96, 0.796646
49.3, 0.324786, 9477.32, 0.790943
49.5, 0.316771, 9523.89, 0.785234
49.7, 0.305568, 9569.18, 0.779481
49.9, 0.296912, 9613.54, 0.773716
50.1, 0.286211, 9656.64, 0.767915
50.3, 0.279504, 9699.07, 0.762125
50.5, 0.269957, 9740.38, 0.756314
50.7, 0.259605, 9780.42, 0.750471
50.9, 0.25139, 9819.5, 0.744622
51.1, 0.243248, 9857.61, 0.73877
51.3, 0.233793, 9894.52, 0.732897
51.5, 0.225937, 9930.48, 0.727024
51.7, 0.216787, 9965.25, 0.721135
51.9, 0.208786, 9998.99, 0.715244
52.1, 0.199879, 10031.5, 0.70934
52.3, 0.191448, 10063, 0.70343
52.5, 0.182612, 10093.2, 0.697508
52.7, 0.174837, 10122.3, 0.691588
52.9, 0.166203, 10150.2, 0.685658
53.1, 0.15853, 10177, 0.679731
53.3, 0.14961, 10202.5, 0.673792
53.5, 0.142197, 10226.9, 0.667859
53.7, 0.134782, 10250.3, 0.66193
53.9, 0.126232, 10272.3, 0.655994
54.1, 0.118909, 10293.1, 0.650065
54.3, 0.111428, 10312.9, 0.644139
54.5, 0.1057, 10331.7, 0.638238
54.7, 0.100305, 10349.7, 0.632363
54.9, 0.0950431, 10366.9, 0.626515
55.1, 0.0892421, 10383.2, 0.62069
55.3, 0.0853793, 10398.8, 0.614906
55.5, 0.0804519, 10413.7, 0.609152
55.7, 0.0756575, 10427.8, 0.603429
55.9, 0.0721407, 10441.3, 0.597749
56.1, 0.067922, 10454.1, 0.592105
56.3, 0.0644241, 10466.4, 0.586504
56.5, 0.0610484, 10478.1, 0.580946
56.7, 0.0575006, 10489.2, 0.575429
56.9, 0.0546101, 10499.8, 0.569958
57.1, 0.051318, 10509.8, 0.564529
57.3, 0.0484071, 10519.3, 0.559145
57.5, 0.0456394, 10528.4, 0.553807
57.7, 0.0429437, 10537, 0.548515
57.9, 0.0401739, 10545.1, 0.543267
58.1, 0.0378103, 10552.7, 0.538066
58.3, 0.0355343, 10560, 0.532913
58.5, 0.0333982, 10566.8, 0.527809
58.7, 0.0310341, 10573.2, 0.522749
58.9, 0.0293872, 10579.3, 0.517742
59.1, 0.0273728, 10585.1, 0.512781
59.3, 0.025578, 10590.5, 0.507869
59.5, 0.0236874, 10595.5, 0.503004
59.7, 0.0219356, 10600.2, 0.498186
59.9, 0.0203053, 10604.6, 0.493416
60.1, 0.0190766, 10608.7, 0.488697
60.3, 0.017547, 10612.5, 0.484025
60.5, 0.0161234, 10616.1, 0.4794
60.7, 0.0151592, 10619.4, 0.474827
60.9, 0.0136165, 10622.5, 0.470298
61.1, 0.012621, 10625.3, 0.465819
61.3, 0.0113116, 10627.8, 0.461385
61.5, 0.0104345, 10630.2, 0.457
61.7, 0.00947065, 10632.4, 0.452663
61.9, 0.00840462, 10634.3, 0.448371
62.1, 0.00759077, 10636.1, 0.444126
62.3, 0.00680411, 10637.6, 0.439928
62.5, 0.00610829, 10639.1, 0.435777
62.7, 0.0054204, 10640.4, 0.431672
62.9, 0.00473796, 10641.5, 0.427612
63.1, 0.00406562, 10642.4, 0.423598
63.3, 0.00358136, 10643.3, 0.419629
63.5, 0.00308991, 10644.1, 0.415706
63.7, 0.00268017, 10644.7, 0.411828
63.9, 0.00217658, 10645.2, 0.407993
64.1, 0.00177674, 10645.7, 0.404203
64.3, 0.00139924, 10646, 0.400456
64.5, 0.00119117, 10646.3, 0.396753
64.7, 0.00094376, 10646.6, 0.393094
64.9, 0.000642148, 10646.7, 0.389477
65.1, 0.00043803, 10646.8, 0.385903
65.3, 0.000334772, 10646.9, 0.382371
65.5, 0.000180229, 10647, 0.37888
65.7, 9.35556e-05, 10647, 0.375432
65.9, 3.24379e-05, 10647, 0.372024
66.1, 1.43297e-06, 10647, 0.368657
66.3, 0, 10647, 0.365331
66.5, 0, 10647, 0.362045
66.7, 0, 10647, 0.358798
66.9, 0, 10647, 0.35559
67.1, 0, 10647, 0.352419
67.3, 0, 10647, 0.349287
67.5, 0, 10647, 0.346191
67.7, 0, 10647, 0.343132
67.9, 0, 10647, 0.340109
68.1, 0, 10647, 0.337121
68.3, 0, 10647, 0.334168
68.5, 0, 10647, 0.33125
68.7, 0, 10647, 0.328365
68.9, 0, 10647, 0.325514
69.1, 0, 10647, 0.322696
69.3, 0, 10647, 0.31991
69.5, 0, 10647, 0.317156
69.7, 0, 10647, 0.314434
69.9, 0, 10647, 0.311742
70.1, 0, 10647, 0.309082
70.3, 0, 10647, 0.306451
70.5, 0, 10647, 0.303851
70.7, 0, 10647, 0.301279
70.9, 0, 10647, 0.298737
71.1, 0, 10647, 0.296223
71.3, 0, 10647, 0.293737
71.5, 0, 10647, 0.291279
71.7, 0, 10647, 0.288848
71.9, 0, 10647, 0.286445
72.1, 0, 10647, 0.284068
72.3, 0, 10647, 0.281717
72.5, 0, 10647, 0.279392
72.7, 0, 10647, 0.277092
72.9, 0, 10647, 0.274818
73.1, 0, 10647, 0.272568
73.3, 0, 10647, 0.270343
73.5, 0, 10647, 0.268142
73.7, 0, 10647, 0.265965
73.9, 0, 10647, 0.263812
74.1, 0, 10647, 0.261681
74.3, 0, 10647, 0.259574
74.5, 0, 10647, 0.257489
74.7, 0, 10647, 0.255426
74.9, 0, 10647, 0.253386
75.1, 0, 10647, 0.251367
75.3, 0, 10647, 0.249369
75.5, 0, 10647, 0.247393
75.7, 0, 10647, 0.245437
75.9, 0, 10647, 0.243502
76.1, 0, 10647, 0.241587
76.3, 0, 10647, 0.239692
76.5, 0, 10647, 0.237817
76.7, 0, 10647, 0.235962
76.9, 0, 10647, 0.234125
77.1, 0, 10647, 0.232308
77.3, 0, 10647, 0.23051
77.5, 0, 10647, 0.22873
77.7, 0, 10647, 0.226968
77.9, 0, 10647, 0.225224
78.1, 0, 10647, 0.223498
78.3, 0, 10647, 0.22179
78.5, 0, 10647, 0.220099
78.7, 0, 10647, 0.218425
78.9, 0, 10647, 0.216769
79.1, 0, 10647, 0.215129
79.3, 0, 10647, 0.213505
79.5, 0, 10647, 0.211898
79.7, 0, 10647, 0.210306
79.9, 0, 10647, 0.208731
80.1, 0, 10647, 0.207171
80.3, 0, 10647, 0.205627
80.5, 0, 10647, 0.204098
80.7, 0, 10647, 0.202585
80.9, 0, 10647, 0.201086
81.1, 0, 10647, 0.199602
81.3, 0, 10647, 0.198133
81.5, 0, 10647, 0.196677
81.7, 0, 10647, 0.195237
81.9, 0, 10647, 0.19381
82.1, 0, 10647, 0.192397
82.3, 0, 10647, 0.190998
82.5, 0, 10647, 0.189612
82.7, 0, 10647, 0.18824
82.9, 0, 10647, 0.18688
83.1, 0, 10647, 0.185534
83.3, 0, 10647, 0.184201
83.5, 0, 10647, 0.182881
83.7, 0, 10647, 0.181573
83.9, 0, 10647, 0.180278
84.1, 0, 10647, 0.178994
84.3, 0, 10647, 0.177723
84.5, 0, 10647, 0.176464
84.7, 0, 10647, 0.175217
84.9, 0, 10647, 0.173982
85.1, 0, 10647, 0.172758
85.3, 0, 10647, 0.171546
85.5, 0, 10647, 0.170345
85.7, 0, 10647, 0.169155
85.9, 0, 10647, 0.167976
86.1, 0, 10647, 0.166808
86.3, 0, 10647, 0.165651
86.5, 0, 10647, 0.164505
86.7, 0, 10647, 0.163369
86.9, 0, 10647, 0.162244
87.1, 0, 10647, 0.161129
87.3, 0, 10647, 0.160024
87.5, 0, 10647, 0.158929
87.7, 0, 10647, 0.157844
87.9, 0, 10647, 0.156769
88.1, 0, 10647, 0.155704
88.3, 0, 10647, 0.154648
88.5, 0, 10647, 0.153602
88.7, 0, 10647, 0.152566
88.9, 0, 10647, 0.151538
89.1, 0, 10647, 0.15052
89.3, 0, 10647, 0.149511
89.5, 0, 10647, 0.148511
89.7, 0, 10647, 0.14752
89.9, 0, 10647, 0.146537
90.1, 0, 10647, 0.145564
90.3, 0, 10647, 0.144599
90.5, 0, 10647, 0.143642
90.7, 0, 10647, 0.142694
90.9, 0, 10647, 0.141754
91.1, 0, 10647, 0.140823
91.3, 0, 10647, 0.139899
91.5, 0, 10647, 0.138984
91.7, 0, 10647, 0.138076
91.9, 0, 10647, 0.137177
92.1, 0, 10647, 0.136285
92.3, 0, 10647, 0.135401
92.5, 0, 10647, 0.134525
92.7, 0, 10647, 0.133656
92.9, 0, 10647, 0.132795
93.1, 0, 10647, 0.131941
93.3, 0, 10647, 0.131094
93.5, 0, 10647, 0.130254
93.7, 0, 10647, 0.129422
93.9, 0, 10647, 0.128597
94.1, 0, 10647, 0.127779
94.3, 0, 10647, 0.126967
94.5, 0, 10647, 0.126163
94.7, 0, 10647, 0.125365
94.9, 0, 10647, 0.124574
95.1, 0, 10647, 0.12379
95.3, 0, 10647, 0.123012
95.5, 0, 10647, 0.122241
95.7, 0, 10647, 0.121476
95.9, 0, 10647, 0.120718
96.1, 0, 10647, 0.119966
96.3, 0, 10647, 0.11922
96.5, 0, 10647, 0.11848
96.7, 0, 10647, 0.117746
96.9, 0, 10647, 0.117019
97.1, 0, 10647, 0.116297
97.3, 0, 10647, 0.115582
97.5, 0, 10647, 0.114872
97.7, 0, 10647, 0.114168
97.9, 0, 10647, 0.11347
98.1, 0, 10647, 0.112777
98.3, 0, 10647, 0.11209
98.5, 0, 10647, 0.111409
98.7, 0, 10647, 0.110733
98.9, 0, 10647, 0.110062
99.1, 0, 10647, 0.109397
99.3, 0, 10647, 0.108738
99.5, 0, 10647, 0.108083
99.7, 0, 10647, 0.107434
99.9, 0, 10647, 0.10679
100.1, 0, 10647, 0.106151
100.3, 0, 10647, 0.105518
100.5, 0, 10647, 0.104889
100.7, 0, 10647, 0.104265
100.9, 0, 10647, 0.103646
101.1, 0, 10647, 0.103032
101.3, 0, 10647, 0.102423
101.5, 0, 10647, 0.101819
101.7, 0, 10647, 0.10122
101.9, 0, 10647, 0.100625
102.1, 0, 10647, 0.100035
102.3, 0, 10647, 0.099449
102.5, 0, 10647, 0.098868
102.7, 0, 10647, 0.0982915
102.9, 0, 10647, 0.0977195
103.1, 0, 10647, 0.0971519
103.3, 0, 10647, 0.0965887
103.5, 0, 10647, 0.0960299
103.7, 0, 10647, 0.0954753
103.9, 0, 10647, 0.094925
104.1, 0, 10647, 0.094379
104.3, 0, 10647, 0.0938371
104.5, 0, 10647, 0.0932993
104.7, 0, 10647, 0.0927657
104.9, 0, 10647, 0.0922361
105.1, 0, 10647, 0.0917105
105.3, 0, 10647, 0.091189
105.5, 0, 10647, 0.0906713
105.7, 0, 10647, 0.0901576
105.9, 0, 10647, 0.0896478
106.1, 0, 10647, 0.0891418
106.3, 0, 10647, 0.0886396
106.5, 0, 10647, 0.0881411
106.7, 0, 10647, 0.0876464
106.9, 0, 10647, 0.0871554
107.1, 0, 10647, 0.086668
107.3, 0, 10647, 0.0861843
107.5, 0, 10647, 0.0857042
107.7, 0, 10647, 0.0852276
107.9, 0, 10647, 0.0847546
108.1, 0, 10647, 0.084285
108.3, 0, 10647, 0.0838189
108.5, 0, 10647, 0.0833563
108.7, 0, 10647, 0.082897
108.9, 0, 10647, 0.0824411
109.1, 0, 10647, 0.0819885
109.3, 0, 10647, 0.0815393
109.5, 0, 10647, 0.0810933
109.7, 0, 10647, 0.0806506
109.9, 0, 10647, 0.0802111
110.1, 0, 10647, 0.0797748
110.3, 0, 10647, 0.0793416
110.5, 0, 10647, 0.0789116
110.7, 0, 10647, 0.0784846
110.9, 0, 10647, 0.0780608
111.1, 0, 10647, 0.0776399
111.3, 0, 10647, 0.0772222
111.5, 0, 10647, 0.0768074
111.7, 0, 10647, 0.0763955
111.9, 0, 10647, 0.0759866
112.1, 0, 10647, 0.0755806
112.3, 0, 10647, 0.0751775
112.5, 0, 10647, 0.0747773
112.7, 0, 10647, 0.0743799
112.9, 0, 10647, 0.0739853
113.1, 0, 10647, 0.0735935
113.3, 0, 10647, 0.0732045
113.5, 0, 10647, 0.0728182
113.7, 0, 10647, 0.0724346
113.9, 0, 10647, 0.0720537
114.1, 0, 10647, 0.0716755
114.3, 0, 10647, 0.0712999
114.5, 0, 10647, 0.0709269
114.7, 0, 10647, 0.0705565
114.9, 0, 10647, 0.0701887
115.1, 0, 10647, 0.0698235
115.3, 0, 10647, 0.0694608
115.5, 0, 10647, 0.0691005
115.7, 0, 10647, 0.0687428
115.9, 0, 10647, 0.0683876
116.1, 0, 10647, 0.0680347
116.3, 0, 10647, 0.0676844
116.5, 0, 10647, 0.0673364
116.7, 0, 10647, 0.0669908
116.9, 0, 10647, 0.0666475
117.1, 0, 10647, 0.0663066
117.3, 0, 10647, 0.065968
117.5, 0, 10647, 0.0656317
117.7, 0, 10647, 0.0652977
117.9, 0, 10647, 0.064966
118.1, 0, 10647, 0.0646365
118.3, 0, 10647, 0.0643092
118.5, 0, 10647, 0.0639841
118.7, 0, 10647, 0.0636613
118.9, 0, 10647, 0.0633406
119.1, 0, 10647, 0.063022
119.3, 0, 10647, 0.0627056
119.5, 0, 10647, 0.0623913
119.7, 0, 10647, 0.062079
119.9, 0, 10647, 0.0617689
120.1, 0, 10647, 0.0614608
120.3, 0, 10647, 0.0611548
120.5, 0, 10647, 0.0608508
120.7, 0, 10647, 0.0605488
120.9, 0, 10647, 0.0602488
121.1, 0, 10647, 0.0599508
121.3, 0, 10647, 0.0596547
121.5, 0, 10647, 0.0593606
121.7, 0, 10647, 0.0590685
121.9, 0, 10647, 0.0587782
122.1, 0, 10647, 0.0584898
122.3, 0, 10647, 0.0582034
122.5, 0, 10647, 0.0579187
122.7, 0, 10647, 0.057636
122.9, 0, 10647, 0.0573551
123.1, 0, 10647, 0.057076
123.3, 0, 10647, 0.0567987
123.5, 0, 10647, 0.0565232
123.7, 0, 10647, 0.0562495
123.9, 0, 10647, 0.0559775
124.1, 0, 10647, 0.0557073
124.3, 0, 10647, 0.0554388
124.5, 0, 10647, 0.0551721
124.7, 0, 10647, 0.054907
124.9, 0, 10647, 0.0546437
125.1, 0, 10647, 0.054382
125.3, 0, 10647, 0.054122
125.5, 0, 10647, 0.0538637
125.7, 0, 10647, 0.053607
125.9, 0, 10647, 0.0533519
126.1, 0, 10647, 0.0530985
126.3, 0, 10647, 0.0528466
126.5, 0, 10647, 0.0525964
126.7, 0, 10647, 0.0523477
126.9, 0, 10647, 0.0521006
127.1, 0, 10647, 0.051855
127.3, 0, 10647, 0.051611
127.5, 0, 10647, 0.0513685
127.7, 0, 10647, 0.0511275
127.9, 0, 10647, 0.050888
128.1, 0, 10647, 0.0506501
128.3, 0, 10647, 0.0504136
128.5, 0, 10647, 0.0501785
128.7, 0, 10647, 0.049945
128.9, 0, 10647, 0.0497129
129.1, 0, 10647, 0.0494822
129.3, 0, 10647, 0.0492529
129.5, 0, 10647, 0.0490251
129.7, 0, 10647, 0.0487986
129.9, 0, 10647, 0.0485736
130.1, 0, 10647, 0.0483499
130.3, 0, 10647, 0.0481276
130.5, 0, 10647, 0.0479067
130.7, 0, 10647, 0.0476871
130.9, 0, 10647, 0.0474688
131.1, 0, 10647, 0.0472519
131.3, 0, 10647, 0.0470363
131.5, 0, 10647, 0.046822
131.7, 0, 10647, 0.046609
131.9, 0, 10647, 0.0463973
132.1, 0, 10647, 0.0461869
132.3, 0, 10647, 0.0459778
132.5, 0, 10647, 0.0457699
132.7, 0, 10647, 0.0455632
132.9, 0, 10647, 0.0453579
133.1, 0, 10647, 0.0451537
133.3, 0, 10647, 0.0449508
133.5, 0, 10647, 0.044749
133.7, 0, 10647, 0.0445485
133.9, 0, 10647, 0.0443492
134.1, 0, 10647, 0.0441511
134.3, 0, 10647, 0.0439541
134.5, 0, 10647, 0.0437583
134.7, 0, 10647, 0.0435637
134.9, 0, 10647, 0.0433702
135.1, 0, 10647, 0.0431779
135.3, 0, 10647, 0.0429867
135.5, 0, 10647, 0.0427966
135.7, 0, 10647, 0.0426077
135.9, 0, 10647, 0.0424198
136.1, 0, 10647, 0.0422331
136.3, 0, 10647, 0.0420475
136.5, 0, 10647, 0.0418629
136.7, 0, 10647, 0.0416794
136.9, 0, 10647, 0.041497
137.1, 0, 10647, 0.0413157
137.3, 0, 10647, 0.0411354
137.5, 0, 10647, 0.0409562
137.7, 0, 10647, 0.040778
137.9, 0, 10647, 0.0406008
138.1, 0, 10647, 0.0404247
138.3, 0, 10647, 0.0402495
138.5, 0, 10647, 0.0400754
138.7, 0, 10647, 0.0399023
138.9, 0, 10647, 0.0397302
139.1, 0, 10647, 0.0395591
139.3, 0, 10647, 0.0393889
139.5, 0, 10647, 0.0392197
139.7, 0, 10647, 0.0390515
139.9, 0, 10647, 0.0388843
140.1, 0, 10647, 0.038718
140.3, 0, 10647, 0.0385527
140.5, 0, 10647, 0.0383883
140.7, 0, 10647, 0.0382248
140.9, 0, 10647, 0.0380622
141.1, 0, 10647, 0.0379006
141.3, 0, 10647, 0.0377399
141.5, 0, 10647, 0.0375801
141.7, 0, 10647, 0.0374212
141.9, 0, 10647, 0.0372632
142.1, 0, 10647, 0.0371061
142.3, 0, 10647, 0.0369499
142.5, 0, 10647, 0.0367945
142.7, 0, 10647, 0.03664
142.9, 0, 10647, 0.0364864
143.1, 0, 10647, 0.0363336
143.3, 0, 10647, 0.0361817
143.5, 0, 10647, 0.0360306
143.7, 0, 10647, 0.0358804
143.9, 0, 10647, 0.035731
144.1, 0, 10647, 0.0355824
144.3, 0, 10647, 0.0354347
144.5, 0, 10647, 0.0352877
144.7, 0, 10647, 0.0351416
144.9, 0, 10647, 0.0349963
145.1, 0, 10647, 0.0348518
145.3, 0, 10647, 0.0347081
145.5, 0, 10647, 0.0345651
145.7, 0, 10647, 0.034423
145.9, 0, 10647, 0.0342816
146.1, 0, 10647, 0.034141
146.3, 0, 10647, 0.0340012
146.5, 0, 10647, 0.0338622
146.7, 0, 10647, 0.0337238
146.9, 0, 10647, 0.0335863
147.1, 0, 10647, 0.0334495
147.3, 0, 10647, 0.0333134
147.5, 0, 10647, 0.0331781
147.7, 0, 10647, 0.0330435
147.9, 0, 10647, 0.0329096
148.1, 0, 10647, 0.0327765
148.3, 0, 10647, 0.032644
148.5, 0, 10647, 0.0325123
148.7, 0, 10647, 0.0323813
148.9, 0, 10647, 0.032251
149.1, 0, 10647, 0.0321214
149.3, 0, 10647, 0.0319925
149.5, 0, 10647, 0.0318643
149.7, 0, 10647, 0.0317367
149.9, 0, 10647, 0.0316099
150.1, 0, 10647, 0.0314837
150.3, 0, 10647, 0.0313582
150.5, 0, 10647, 0.0312333
150.7, 0, 10647, 0.0311091
150.9, 0, 10647, 0.0309856
151.1, 0, 10647, 0.0308627
151.3, 0, 10647, 0.0307405
151.5, 0, 10647, 0.0306189
151.7, 0, 10647, 0.030498
151.9, 0, 10647, 0.0303776
152.1, 0, 10647, 0.030258
152.3, 0, 10647, 0.0301389
152.5, 0, 10647, 0.0300205
152.7, 0, 10647, 0.0299027
152.9, 0, 10647, 0.0297855
153.1, 0, 10647, 0.0296689
153.3, 0, 10647, 0.029553
153.5, 0, 10647, 0.0294376
153.7, 0, 10647, 0.0293228
153.9, 0, 10647, 0.0292087
154.1, 0, 10647, 0.0290951
154.3, 0, 10647, 0.0289821
154.5, 0, 10647, 0.0288697
154.7, 0, 10647, 0.0287579
154.9, 0, 10647, 0.0286466
155.1, 0, 10647, 0.0285359
155.3, 0, 10647, 0.0284258
155.5, 0, 10647, 0.0283163
155.7, 0, 10647, 0.0282073
155.9, 0, 10647, 0.0280989
156.1, 0, 10647, 0.027991
156.3, 0, 10647, 0.0278837
156.5, 0, 10647, 0.0277769
156.7, 0, 10647, 0.0276707
156.9, 0, 10647, 0.027565
157.1, 0, 10647, 0.0274599
157.3, 0, 10647, 0.0273553
157.5, 0, 10647, 0.0272512
157.7, 0, 10647, 0.0271477
157.9, 0, 10647, 0.0270446
158.1, 0, 10647, 0.0269421
158.3, 0, 10647, 0.0268401
158.5, 0, 10647, 0.0267387
158.7, 0, 10647, 0.0266377
158.9, 0, 10647, 0.0265372
159.1, 0, 10647, 0.0264373
159.3, 0, 10647, 0.0263378
159.5, 0, 10647, 0.0262389
159.7, 0, 10647, 0.0261404
159.9, 0, 10647, 0.0260425
160.1, 0, 10647, 0.025945
160.3, 0, 10647, 0.025848
160.5, 0, 10647, 0.0257515
160.7, 0, 10647, 0.0256555
160.9, 0, 10647, 0.0255599
161.1, 0, 10647, 0.0254648
161.3, 0, 10647, 0.0253702
161.5, 0, 10647, 0.0252761
161.7, 0, 10647, 0.0251824
161.9, 0, 10647, 0.0250892
162.1, 0, 10647, 0.0249965
162.3, 0, 10647, 0.0249042
162.5, 0, 10647, 0.0248123
162.7, 0, 10647, 0.0247209
162.9, 0, 10647, 0.02463
163.1, 0, 10647, 0.0245395
163.3, 0, 10647, 0.0244494
163.5, 0, 10647, 0.0243598
163.7, 0, 10647, 0.0242706
163.9, 0, 10647, 0.0241819
164.1, 0, 10647, 0.0240936
164.3, 0, 10647, 0.0240057
164.5, 0, 10647, 0.0239183
164.7, 0, 10647, 0.0238312
164.9, 0, 10647, 0.0237446
165.1, 0, 10647, 0.0236584
165.3, 0, 10647, 0.0235727
165.5, 0, 10647, 0.0234873
165.7, 0, 10647, 0.0234024
165.9, 0, 10647, 0.0233178
166.1, 0, 10647, 0.0232337
166.3, 0, 10647, 0.02315
166.5, 0, 10647, 0.0230667
166.7, 0, 10647, 0.0229837
166.9, 0, 10647, 0.0229012
167.1, 0, 10647, 0.0228191
167.3, 0, 10647, 0.0227373
167.5, 0, 10647, 0.022656
167.7, 0, 10647, 0.022575
167.9, 0, 10647, 0.0224944
168.1, 0, 10647, 0.0224143
168.3, 0, 10647, 0.0223344
168.5, 0, 10647, 0.022255
168.7, 0, 10647, 0.0221759
168.9, 0, 10647, 0.0220973
169.1, 0, 10647, 0.0220189
169.3, 0, 10647, 0.021941
169.5, 0, 10647, 0.0218634
169.7, 0, 10647, 0.0217862
169.9, 0, 10647, 0.0217094
170.1, 0, 10647, 0.0216329
170.3, 0, 10647, 0.0215568
170.5, 0, 10647, 0.021481
170.7, 0, 10647, 0.0214056
170.9, 0, 10647, 0.0213305
171.1, 0, 10647, 0.0212558
171.3, 0, 10647, 0.0211814
171.5, 0, 10647, 0.0211074
171.7, 0, 10647, 0.0210337
171.9, 0, 10647, 0.0209604
172.1, 0, 10647, 0.0208874
172.3, 0, 10647, 0.0208148
172.5, 0, 10647, 0.0207425
172.7, 0, 10647, 0.0206705
172.9, 0, 10647, 0.0205988
173.1, 0, 10647, 0.0205275
173.3, 0, 10647, 0.0204565
173.5, 0, 10647, 0.0203859
173.7, 0, 10647, 0.0203155
173.9, 0, 10647, 0.0202455
174.1, 0, 10647, 0.0201758
174.3, 0, 10647, 0.0201064
174.5, 0, 10647, 0.0200374
174.7, 0, 10647, 0.0199686
174.9, 0, 10647, 0.0199002
175.1, 0, 10647, 0.0198321
175.3, 0, 10647, 0.0197643
175.5, 0, 10647, 0.0196968
175.7, 0, 10647, 0.0196296
175.9, 0, 10647, 0.0195627
176.1, 0, 10647, 0.0194962
176.3, 0, 10647, 0.0194299
176.5, 0, 10647, 0.0193639
176.7, 0, 10647, 0.0192982
176.9, 0, 10647, 0.0192329
177.1, 0, 10647, 0.0191678
177.3, 0, 10647, 0.019103
177.5, 0, 10647, 0.0190385
177.7, 0, 10647, 0.0189743
177.9, 0, 10647, 0.0189104
178.1, 0, 10647, 0.0188467
178.3, 0, 10647, 0.0187834
178.5, 0, 10647, 0.0187203
178.7, 0, 10647, 0.0186575
178.9, 0, 10647, 0.018595
179.1, 0, 10647, 0.0185328
179.3, 0, 10647, 0.0184708
179.5, 0, 10647, 0.0184092
179.7, 0, 10647, 0.0183478
179.9, 0, 10647, 0.0182866
180.1, 0, 10647, 0.0182258
180.3, 0, 10647, 0.0181652
180.5, 0, 10647, 0.0181049
180.7, 0, 10647, 0.0180448
180.9, 0, 10647, 0.0179851
181.1, 0, 10647, 0.0179255
181.3, 0, 10647, 0.0178663
181.5, 0, 10647, 0.0178073
181.7, 0, 10647, 0.0177485
181.9, 0, 10647, 0.0176901
182.1, 0, 10647, 0.0176318
182.3, 0, 10647, 0.0175739
182.5, 0, 10647, 0.0175162
182.7, 0, 10647, 0.0174587
182.9, 0, 10647, 0.0174015
183.1, 0, 10647, 0.0173445
183.3, 0, 10647, 0.0172878
183.5, 0, 10647, 0.0172313
183.7, 0, 10647, 0.0171751
183.9, 0, 10647, 0.0171192
184.1, 0, 10647, 0.0170634
184.3, 0, 10647, 0.0170079
184.5, 0, 10647, 0.0169527
184.7, 0, 10647, 0.0168977
184.9, 0, 10647, 0.0168429
185.1, 0, 10647, 0.0167884
185.3, 0, 10647, 0.0167341
185.5, 0, 10647, 0.01668
185.7, 0, 10647, 0.0166262
185.9, 0, 10647, 0.0165725
186.1, 0, 10647, 0.0165192
186.3, 0, 10647, 0.016466
186.5, 0, 10647, 0.0164131
186.7, 0, 10647, 0.0163604
186.9, 0, 10647, 0.016308
187.1, 0, 10647, 0.0162557
187.3, 0, 10647, 0.0162037
187.5, 0, 10647, 0.0161519
187.7, 0, 10647, 0.0161003
187.9, 0, 10647, 0.016049
188.1, 0, 10647, 0.0159978
188.3, 0, 10647, 0.0159469
188.5, 0, 10647, 0.0158962
188.7, 0, 10647, 0.0158457
188.9, 0, 10647, 0.0157954
189.1, 0, 10647, 0.0157454
189.3, 0, 10647, 0.0156955
189.5, 0, 10647, 0.0156459
189.7, 0, 10647, 0.0155964
189.9, 0, 10647, 0.0155472
190.1, 0, 10647, 0.0154982
190.3, 0, 10647, 0.0154494
190.5, 0, 10647, 0.0154008
190.7, 0, 10647, 0.0153524
190.9, 0, 10647, 0.0153042
191.1, 0, 10647, 0.0152562
191.3, 0, 10647, 0.0152084
191.5, 0, 10647, 0.0151608
191.7, 0, 10647, 0.0151134
191.9, 0, 10647, 0.0150662
192.1, 0, 10647, 0.0150191
192.3, 0, 10647, 0.0149723
192.5, 0, 10647, 0.0149257
192.7, 0, 10647, 0.0148793
192.9, 0, 10647, 0.0148331
193.1, 0, 10647, 0.014787
193.3, 0, 10647, 0.0147412
193.5, 0, 10647, 0.0146955
193.7, 0, 10647, 0.01465
193.9, 0, 10647, 0.0146047
194.1, 0, 10647, 0.0145596
194.3, 0, 10647, 0.0145147
194.5, 0, 10647, 0.01447
194.7, 0, 10647, 0.0144255
194.9, 0, 10647, 0.0143811
195.1, 0, 10647, 0.0143369
195.3, 0, 10647, 0.0142929
195.5, 0, 10647, 0.0142491
195.7, 0, 10647, 0.0142054
195.9, 0, 10647, 0.014162
196.1, 0, 10647, 0.0141187
196.3, 0, 10647, 0.0140756
196.5, 0, 10647, 0.0140327
196.7, 0, 10647, 0.0139899
196.9, 0, 10647, 0.0139473
197.1, 0, 10647, 0.0139049
197.3, 0, 10647, 0.0138626
197.5, 0, 10647, 0.0138206
197.7, 0, 10647, 0.0137787
197.9, 0, 10647, 0.0137369
198.1, 0, 10647, 0.0136954
198.3, 0, 10647, 0.013654
198.5, 0, 10647, 0.0136128
198.7, 0, 10647, 0.0135717
198.9, 0, 10647, 0.0135308
199.1, 0, 10647, 0.0134901
199.3, 0, 10647, 0.0134495
199.5, 0, 10647, 0.0134091
199.7, 0, 10647, 0.0133688
199.9, 0, 10647, 0.0133287
200.1, 0, 10647, 0.0132888
200.3, 0, 10647, 0.013249
200.5, 0, 10647, 0.0132094
200.7, 0, 10647, 0.01317
200.9, 0, 10647, 0.0131307
201.1, 0, 10647, 0.0130916
201.3, 0, 10647, 0.0130526
201.5, 0, 10647, 0.0130137
201.7, 0, 10647, 0.0129751
201.9, 0, 10647, 0.0129365
202.1, 0, 10647, 0.0128982
202.3, 0, 10647, 0.01286
202.5, 0, 10647, 0.0128219
202.7, 0, 10647, 0.012784
202.9, 0, 10647, 0.0127462
203.1, 0, 10647, 0.0127086
203.3, 0, 10647, 0.0126711
203.5, 0, 10647, 0.0126338
203.7, 0, 10647, 0.0125966
203.9, 0, 10647, 0.0125596
204.1, 0, 10647, 0.0125227
204.3, 0, 10647, 0.012486
204.5, 0, 10647, 0.0124494
204.7, 0, 10647, 0.0124129
204.9, 0, 10647, 0.0123766
205.1, 0, 10647, 0.0123404
205.3, 0, 10647, 0.0123044
205.5, 0, 10647, 0.0122685
205.7, 0, 10647, 0.0122328
205.9, 0, 10647, 0.0121972
206.1, 0, 10647, 0.0121617
206.3, 0, 10647, 0.0121263
206.5, 0, 10647, 0.0120911
206.7, 0, 10647, 0.0120561
206.9, 0, 10647, 0.0120211
207.1, 0, 10647, 0.0119864
207.3, 0, 10647, 0.0119517
207.5, 0, 10647, 0.0119172
207.7, 0, 10647, 0.0118828
207.9, 0, 10647, 0.0118485
208.1, 0, 10647, 0.0118144
208.3, 0, 10647, 0.0117804
208.5, 0, 10647, 0.0117465
208.7, 0, 10647, 0.0117128
208.9, 0, 10647, 0.0116792
209.1, 0, 10647, 0.0116457
209.3, 0, 10647, 0.0116123
209.5, 0, 10647, 0.0115791
209.7, 0, 10647, 0.011546
209.9, 0, 10647, 0.011513
210.1, 0, 10647, 0.0114802
210.3, 0, 10647, 0.0114475
210.5, 0, 10647, 0.0114149
210.7, 0, 10647, 0.0113824
210.9, 0, 10647, 0.01135
211.1, 0, 10647, 0.0113178
211.3, 0, 10647, 0.0112857
211.5, 0, 10647, 0.0112537
211.7, 0, 10647, 0.0112219
211.9, 0, 10647, 0.0111901
212.1, 0, 10647, 0.0111585
212.3, 0, 10647, 0.011127
212.5, 0, 10647, 0.0110956
212.7, 0, 10647, 0.0110643
212.9, 0, 10647, 0.0110332
213.1, 0, 10647, 0.0110021
213.3, 0, 10647, 0.0109712
213.5, 0, 10647, 0.0109404
213.7, 0, 10647, 0.0109097
213.9, 0, 10647, 0.0108792
214.1, 0, 10647, 0.0108487
214.3, 0, 10647, 0.0108183
214.5, 0, 10647, 0.0107881
214.7, 0, 10647, 0.010758
214.9, 0, 10647, 0.010728
215.1, 0, 10647, 0.0106981
215.3, 0, 10647, 0.0106683
215.5, 0, 10647, 0.0106386
215.7, 0, 10647, 0.0106091
215.9, 0, 10647, 0.0105796
216.1, 0, 10647, 0.0105503
216.3, 0, 10647, 0.010521
216.5, 0, 10647, 0.0104919
216.7, 0, 10647, 0.0104629
216.9, 0, 10647, 0.010434
217.1, 0, 10647, 0.0104051
217.3, 0, 10647, 0.0103764
217.5, 0, 10647, 0.0103478
217.7, 0, 10647, 0.0103193
217.9, 0, 10647, 0.010291
218.1, 0, 10647, 0.0102627
218.3, 0, 10647, 0.0102345
218.5, 0, 10647, 0.0102064
218.7, 0, 10647, 0.0101784
218.9, 0, 10647, 0.0101506
219.1, 0, 10647, 0.0101228
219.3, 0, 10647, 0.0100951
219.5, 0, 10647, 0.0100676
219.7, 0, 10647, 0.0100401
219.9, 0, 10647, 0.0100127
220.1, 0, 10647, 0.00998544
220.3, 0, 10647, 0.00995827
220.5, 0, 10647, 0.0099312
220.7, 0, 10647, 0.00990422
220.9, 0, 10647, 0.00987735
221.1, 0, 10647, 0.00985057
221.3, 0, 10647, 0.00982388
221.5, 0, 10647, 0.0097973
221.7, 0, 10647, 0.0097708
221.9, 0, 10647, 0.00974441
222.1, 0, 10647, 0.00971811
222.3, 0, 10647, 0.0096919
222.5, 0, 10647, 0.00966579
222.7, 0, 10647, 0.00963977
222.9, 0, 10647, 0.00961385
223.1, 0, 10647, 0.00958802
223.3, 0, 10647, 0.00956228
223.5, 0, 10647, 0.00953663
223.7, 0, 10647, 0.00951107
223.9, 0, 10647, 0.00948561
224.1, 0, 10647, 0.00946023
224.3, 0, 10647, 0.00943495
224.5, 0, 10647, 0.00940976
224.7, 0, 10647, 0.00938465
224.9, 0, 10647, 0.00935964
225.1, 0, 10647, 0.00933471
225.3, 0, 10647, 0.00930987
225.5, 0, 10647, 0.00928513
225.7, 0, 10647, 0.00926046
225.9, 0, 10647, 0.00923589
226.1, 0, 10647, 0.0092114
226.3, 0, 10647, 0.009187
226.5, 0, 10647, 0.00916269
226.7, 0, 10647, 0.00913846
226.9, 0, 10647, 0.00911431
227.1, 0, 10647, 0.00909025
227.3, 0, 10647, 0.00906628
227.5, 0, 10647, 0.00904239
227.7, 0, 10647, 0.00901858
227.9, 0, 10647, 0.00899486
228.1, 0, 10647, 0.00897122
228.3, 0, 10647, 0.00894766
228.5, 0, 10647, 0.00892419
228.7, 0, 10647, 0.0089008
228.9, 0, 10647, 0.00887749
229.1, 0, 10647, 0.00885426
